2688
0122
1889
0866
0173
2436
1312
2759
3589
2760
2718
3145
3454
1269
3126
0905
1648
0654
0888
2668
3460
2455
1591
2483
1233
1675
3396
3027
2165
2647
2691
2120
2109
0080
3357
3350
2727
1858
1085
1749
0379
1710
0776
0287
1965
1989
3575
2176
3380
0896
1809
0994
1391
1986
3521
2354
3522
1407
2385
2250
0276
1432
0701
0307
3529
2304
0146
0489
2655
0744
1313
0639
1462
0443
0092
0704
1052
1059
0418
0599
3400
1619
2293
1676
2800
1030
2500
2335
3250
0168
0463
2057
2245
3598
1949
0655
0352
1581
1170
3090
0132
3305
3214
3376
1709
3139
0269
1070
1061
0985
0194
1487
3036
0353
2481
3058
2232
0127
0801
2856
0185
2761
1984
2569
0444
0457
2860
2456
0993
1597
3082
1426
1634
0270
1171
0017
1653
2269
2807
2076
0963
2197
2042
0380
0926
2576
3063
1040
2059
3037
0852
0520
0772
3291
3083
2402
1856
2820
0037
2824
1136
1468
0762
0264
0497
1570
1762
2579
2751
3393
1691
3510
3360
0261
3424
2739
1046
3490
0298
3553
0879
2077
0977
1643
3162
3579
3185
2128
0202
0788
0357
0907
1371
1285
1779
2260
1289
2590
3484
0890
0304
1872
1815
3244
0696
2014
0535
2310
1686
1018
2672
2239
3079
2765
3112
0131
3210
3105
2906
3266
3285
0440
0039
1116
1795
3567
0120
0915
1970
1614
3465
1694
3292
0014
2092
0627
2920
1644
3003
1576
2989
2472
1350
2877
0529
2411
1571
1013
1679
3199
1254
0670
0579
3252
1564
2485
0429
0848
3488
1501
0914
0737
0793
3257
3344
1396
2421
1362
1661
2070
0633
3255
1213
0882
0641
1941
2429
3128
1854
0413
3169
1963
0730
2887
2830
2333
0436
0166
2367
0939
0279
3004
0119
2537
3409
2283
1318
2478
2965
0858
2849
1879
3469
2717
0337
1667
1158
1365
3202
3201
0970
3540
0759
2876
1950
3180
2520
3498
2361
1260
2052
2611
1031
2381
2419
1599
0432
3013
0135
0416
1952
0486
1218
3367
1932
3426
2404
0336
2915
2039
1229
2287
1582
3582
1847
2489
0650
2892
1111
3148
2074
1671
2477
1841
3100
1098
1139
1992
2034
0169
0913
2549
0944
1878
3395
1113
3101
0694
0752
0196
2935
2952
3384
2286
1157
1744
3235
2962
3034
2021
2653
0917
1106
2526
2459
3419
3254
2564
0542
0640
0345
3246
2131
2321
1782
2257
2703
1605
2720
2708
0415
3493
1674
1173
3050
2161
1334
1548
3283
3430
0192
3160
1737
0743
0058
1087
2393
2023
3364
2899
2828
0051
3586
2308
2146
1366
1812
1701
2567
0567
0537
2662
1498
1569
2248
1465
1002
1682
1620
1346
3514
2307
2519
1930
1375
3017
3414
2169
1797
2213
0676
3405
2045
1842
3496
2212
2850
3549
3159
1558
2664
2398
0047
2334
1244
0057
3516
1790
1357
2809
2032
1764
2332
2288
3103
1803
2894
1124
2413
0009
0097
3447
2217
2626
3205
3188
0174
1185
0005
2306
1475
1495
3041
0990
2744
2366
1651
0758
0746
2686
1695
3228
1332
1696
0346
2454
2166
2832
1967
1525
2971
1101
3509
2082
2780
1933
1110
3356
2530
0052
3555
0482
0446
1056
1180
0549
1573
0243
1448
2204
2216
2779
0972
2874
2932
3258
3588
0152
0341
3140
1452
0055
3237
1995
0199
3132
0138
2494
2521
0499
1538
3318
0162
0063
1344
3118
2585
0391
1341
2000
2534
2112
1364
1670
1480
2556
2240
2132
3312
2345
1298
2271
2982
0222
3574
2794
0887
0974
0081
0849
2714
2215
1526
3069
0908
0358
1263
3420
2249
0427
0782
3119
2314
1324
0067
0771
1756
3183
2638
2009
1166
0130
0586
1174
1609
2901
0598
1204
1672
3537
1027
2295
2701
1294
2606
1450
1325
3315
2898
1120
0198
1738
2713
0713
0605
0937
2961
0997
0778
2360
1600
0718
0137
2837
0946
1722
3570
2940
3445
0272
0784
3518
3548
2470
0340
2433
0877
0022
1649
1514
3076
1322
3343
3334
3402
0964
3170
0552
1187
1846
2442
3485
1891
2525
0320
2652
0479
0124
2707
2091
2545
3444
2551
0578
3067
1518
2358
3233
2747
3519
2582
2738
0054
2866
1655
3565
2934
0722
1532
1615
0224
1414
0064
0539
1873
0430
1467
3500
3547
0041
1642
3366
2863
0284
1616
0303
3227
1096
3274
3230
0496
2097
2158
3431
0677
3417
0359
2511
2183
2706
3108
1610
0690
0389
2722
0817
1808
3506
3538
3238
1887
2602
3377
0294
2238
1546
0810
2496
2774
1182
1236
1561
2111
0763
0240
3456
3328
0414
0286
3278
2811
1993
2089
0750
1296
1973
2600
1220
1563
2907
2377
3094
1618
1733
1308
0969
1511
0625
2944
1048
2677
1155
1436
0141
1477
0826
0290
1547
2563
2195
0693
3564
3151
1839
2979
1342
0485
0178
3559
2328
1829
0861
1766
0367
2447
2883
0260
2196
0769
1590
2729
1876
2371
2264
1062
3222
1223
2524
2343
2187
3489
1845
2976
1935
0902
2408
3290
0538
2336
2136
3111
0059
2710
1292
1211
1279
2256
2581
2823
2410
0034
1359
1589
1264
2035
0305
1580
2605
0371
0061
2948
2386
1505
3260
0689
0783
1783
1521
0803
3203
1566
2622
2951
0086
2870
3122
1687
2031
0077
0991
3593
3552
2124
1968
1060
0153
2593
1918
0334
3374
0235
2533
2262
3571
2417
1654
3064
2164
3557
1306
0049
2443
2862
3175
3061
1996
2507
1714
2781
1786
2471
1356
2986
3438
3226
2041
1688
0984
0117
1007
0719
2123
3556
0441
2129
2482
0211
2290
1053
3196
0008
2457
1539
0513
0900
2776
2535
1262
0935
2795
1183
3243
0384
3137
1884
0421
1990
1230
3035
0619
3337
0885
3320
2835
1063
0433
0247
1164
2789
1835
3372
3129
2861
2670
2199
2884
0448
2347
0155
1924
0278
0830
2812
0728
2745
3176
1945
1787
0837
1824
0403
1863
2864
2006
2325
1818
0755
2700
1617
0909
0108
3520
0956
3391
2467
3421
2298
1079
0806
2380
2194
2072
0892
0388
0868
0165
1047
1637
1849
3018
0955
1713
2060
1760
0172
0437
0156
2118
2974
0208
0498
0401
1103
1493
0658
0802
3532
3194
1743
2993
0016
3089
0564
1422
2667
2033
0085
3379
3474
1055
2842
0835
3533
0271
0569
0638
3110
0652
0608
1311
0809
1517
1336
2177
0572
2420
3240
0145
3390
0506
2629
2840
3371
1286
2448
3120
1177
2229
3457
2281
2002
0688
0238
3410
1673
1443
0523
0317
0976
2081
2981
2263
2997
2323
0844
2871
0525
1974
0474
2911
0580
1830
2758
1962
2773
2469
3404
1246
2241
1319
3462
2514
2939
2492
3288
1105
1072
2299
0674
0623
2634
1867
1931
3212
1704
3590
0527
2859
3153
1497
1140
1320
2282
1114
0355
1408
3209
2174
2627
0838
0787
2414
2230
0987
2844
1094
1868
2372
0653
1776
0109
1860
0545
1470
0661
2432
3052
2266
1367
2775
1451
1718
0456
1476
0212
1843
2542
0845
2752
3508
1280
1980
1278
2289
0594
1904
0471
0245
0628
2619
1669
0875
2536
0369
2516
0508
1369
3095
1297
2904
0147
1454
2291
1715
0253
0961
3167
2555
0863
3091
1372
2145
2044
0663
1998
0105
2543
2645
1859
2562
1075
2416
0113
1936
1099
1081
2630
1021
3481
0361
0724
1789
2532
2766
0884
3307
2958
0043
0840
2498
0891
2959
3422
1866
2587
2922
3121
1000
0084
3483
1784
3216
2378
2270
0096
0114
2040
1051
0140
0365
0315
1912
1393
1431
3513
3434
1719
3491
0815
2142
0001
2441
1057
0709
1772
3165
2658
0596
1273
2515
2004
2770
2946
2588
3020
2838
3046
0477
1568
2276
0083
3270
1196
1840
1902
0774
1238
0738
0651
0048
3191
0026
3065
1510
3047
2156
2553
2285
0267
3428
0275
3545
2926
1394
2599
1503
3053
1606
1474
0720
2341
2329
2210
2190
1050
3342
3572
1838
1699
2671
2621
1635
2228
1810
0568
2062
0226
1522
0789
2107
0797
0603
2141
1705
2430
0514
1107
1307
1330
1801
0614
0377
2640
0484
0372
1725
1742
2362
2450
1748
0454
0029
0308
3019
1966
1429
2615
0942
0455
2037
2203
3455
1231
0409
1488
1751
0030
0038
0823
3363
2868
1202
1877
2030
1463
3539
1054
2180
3446
1771
0760
0289
1707
1730
3324
0794
2389
1389
0129
3595
1404
1383
1533
1206
1631
2933
0742
1908
3192
0256
2589
2733
3494
2113
3423
0656
0818
2810
1971
2311
3507
1799
1976
0221
0322
2339
3265
2504
1632
2375
2716
2445
2125
0717
0115
3543
3303
1727
0200
1531
2068
0767
0159
0239
3247
1001
3353
1109
1763
0686
3023
1086
1479
2540
0811
0687
2259
1543
1076
1928
3154
0128
0881
2793
2497
2116
2950
1151
0626
1152
2763
2115
0177
1731
1456
0068
2654
0309
2315
2788
0733
0449
0324
2391
2846
2635
3333
1734
1175
2121
3362
2018
3231
1137
1490
0350
0943
0795
2698
0675
3352
1058
1536
1893
1929
0962
2026
3407
0295
2764
3435
2159
2762
0292
3077
1459
2816
0252
0323
1948
3345
1515
1662
0657
0461
2783
1565
0036
1191
0898
0213
0842
2020
2854
2278
1417
2017
2583
3098
2461
0088
2875
1937
0410
2296
1193
3584
3375
1807
0262
3068
1419
3486
0936
2058
3022
2388
0266
0833
0843
2160
1309
0422
0223
2300
1754
0822
0576
3338
0673
2401
1943
1004
2723
1355
2508
1374
2591
3369
3280
3386
1625
3273
0570
0118
1023
0725
0785
1093
1453
2181
0536
0483
0149
1125
1228
2518
0515
2440
0751
3551
3355
2428
1395
1108
2815
1162
2737
1633
3104
0263
0992
0981
2625
1689
2101
1557
0864
2872
1115
3116
2843
1567
0330
2699
3085
2559
0378
2633
0277
2697
2995
2406
1611
2945
1310
2063
1015
0373
0180
3190
1150
3136
1161
2407
2960
0273
1410
1159
2179
1165
0766
3323
3211
0681
2050
2631
3515
2173
3599
1516
1494
0524
1899
0573
1314
1343
2140
0531
3075
0703
1022
2078
3458
2799
1328
2617
2885
3253
2931
3314
0035
2964
1828
3055
3346
0920
2043
2897
1445
2218
0575
0770
0668
1994
1871
1917
2502
0502
0469
2538
1693
0071
2444
1639
0423
1090
0215
0062
0399
2309
2265
2130
1753
3322
0526
1066
3275
2220
1008
2822
1388
1216
0412
2178
0893
0184
2680
1781
1852
2690
0682
1121
1964
0960
1767
0164
0019
2369
1190
1692
3174
3336
2831
0931
0798
2011
3133
2460
0439
1411
0925
1975
0739
2992
0948
2953
0150
1588
0244
0306
3127
3181
1827
1594
2184
2154
2829
1720
2348
1780
0101
2731
2813
1483
1097
3505
0565
1583
3399
1235
3031
1907
0617
1242
3276
2509
0910
0374
2363
0516
2499
2754
0876
1752
1019
2415
0314
2598
0404
3448
0478
2425
1508
2297
0450
1778
0947
2501
1034
2943
3261
0706
2506
0665
1399
1832
0698
2568
0928
2423
2110
1768
0547
1006
1368
2826
2769
2134
0505
1601
0971
2087
2746
2557
0597
2484
0163
3296
3472
3449
1729
3206
1759
3566
2236
2005
1118
0659
1398
3143
3172
2138
3546
2991
3249
2801
1141
2905
2198
2143
1596
0186
1638
1016
1757
1434
3001
0435
3466
0281
2613
2083
3471
0072
0370
2889
0175
3107
2163
0684
3197
2665
2208
1552
0492
0325
0392
0116
2743
2685
2848
3221
3062
2422
2047
2438
0066
2201
0986
2015
2817
0074
3387
0302
1025
1848
2326
1077
3015
3534
1755
2956
1126
2972
1425
0316
0000
2316
0768
2601
3130
1282
1272
1153
2836
2565
1509
0209
3131
2878
1901
2918
2636
0585
3042
2659
2486
2225
1629
1685
1666
3351
1176
1769
3368
3187
3144
0979
1706
1796
0878
0452
0672
0426
0643
3382
1299
0395
0503
2879
1523
1420
0819
2313
0512
0257
1247
0741
2808
3125
2620
1439
3577
0805
1542
0354
0023
0995
2022
2614
0697
0312
2541
0621
0333
2923
1886
2847
0967
2749
1534
0356
3215
3010
0467
2340
2692
3313
0383
0591
3011
0465
3341
2681
0850
0201
2867
0493
0472
3293
0862
3347
0390
2320
1352
1740
0865
3168
0065
2036
1020
0507
1256
2999
0282
0601
1711
2818
3331
1482
0258
3141
1416
2025
2963
2683
3040
1167
2172
2254
0731
1277
2797
2061
0631
2080
2090
2886
1883
0500
1506
0618
0831
1821
2053
1825
1351
0630
3480
2957
0248
2623
2147
3550
0319
0983
0018
3359
1305
1894
1290
1823
1327
2994
1775
1647
1012
1224
3361
0642
3370
1785
1577
3478
0786
2452
1717
2144
0229
1400
0860
3443
1951
1132
2595
0705
1148
2258
1458
0042
2219
0727
2387
3482
0274
0204
0394
1014
1302
0300
0827
1205
3279
0562
0053
3219
2350
0648
1154
0123
1428
1726
1834
0288
1624
1200
1207
1267
0999
0950
1953
0820
2191
1923
2051
0906
0419
1806
0504
2669
2767
3193
1209
3425
2152
0143
1457
0740
1800
2065
1869
0699
2207
2608
2412
3427
1890
1496
0828
3383
3207
2468
1578
1406
0930
2888
0167
0522
0002
0073
0231
3189
1215
2211
2596
1029
2327
1735
2561
2603
1304
1745
0046
0342
0922
2221
1433
1831
2079
0311
3012
0470
0151
2222
0490
2370
1387
2642
2996
1460
2038
1677
2777
1892
1697
1855
0218
0647
0015
2821
0193
1528
1657
2284
1656
0183
3182
2330
1188
2693
2834
0170
0620
1504
2660
1370
3096
0011
0236
3163
1333
0869
2475
3378
1954
1240
3054
1358
2740
0078
2682
0609
1088
1802
3397
0332
2186
2586
0327
2424
1979
0678
0998
1442
2728
0777
2493
2028
1449
2523
2153
0154
2349
0732
1555
2175
1499
3477
2721
0060
1303
2902
2675
0555
1492
1444
1083
2785
2726
3452
3535
0100
0382
0402
2351
0376
3028
1512
1257
0310
1595
2609
3043
2235
1612
0841
3327
2819
3525
2938
3461
3385
1942
1978
1385
2873
1326
2544
1665
1773
1208
1112
0735
0934
1379
1199
1728
3299
0715
0566
3264
0571
1820
3581
3583
1471
2305
1602
3340
0824
1746
2715
3411
0856
2796
3138
0179
0683
1036
0148
2055
1502
1826
2279
3568
0428
2292
1360
1133
2244
3114
2782
1724
2643
0635
0880
2909
1234
0182
2573
2968
3161
1861
1519
0957
2985
2024
3392
1574
2001
0582
0989
1680
3388
2597
0829
2547
1032
3147
0982
3394
0622
0679
0790
1212
3464
3081
3475
2741
0577
0398
2403
3271
1041
1138
2852
2522
3171
2338
0363
3358
3225
2684
0214
0814
2661
0851
2374
0796
2274
2712
0624
3268
2251
2639
0519
0550
0886
2778
0234
0606
1537
0158
1985
2798
1560
3277
2086
2513
2479
1947
1997
2046
1584
1287
2550
3300
2352
2969
2490
2399
2054
2099
1732
0748
2732
1135
1473
0836
1663
1049
0033
0897
2106
0600
0343
2365
1761
1529
1814
0804
1261
1127
0723
1712
2768
1068
3408
3542
2126
1348
3072
0911
2827
2503
0144
2465
2458
1143
3039
2434
3526
1340
1765
2990
3002
1626
0556
2331
0228
0407
1069
0775
1274
3569
1946
3436
0010
1770
0347
0756
0611
0459
1527
1608
0975
2649
0079
1042
3158
1043
2094
2705
1427
3594
1486
0867
1541
3304
3573
1562
1245
0232
1613
1664
1221
2916
0561
2839
1091
0834
1214
1284
0853
0919
3317
0528
0405
2679
0344
1270
0237
2268
3086
2803
3499
3286
0488
2446
1376
0189
3470
0669
1586
0945
0134
2903
1345
0604
3523
3200
3530
0195
2273
2725
3415
0246
1888
0335
3256
1210
1160
3186
1750
2882
0021
1253
2319
0249
0764
3302
3295
2435
1882
2689
1791
2505
0691
3234
0859
2865
2312
3524
0543
1276
3578
0225
2792
2696
2929
1455
2357
1956
0411
2466
3184
2200
2155
3016
0242
1464
1559
0110
1037
1251
1895
0590
1288
0558
0871
2137
0711
3309
3561
2064
1102
2678
2927
3267
0339
1640
0082
2127
1084
0954
3005
0821
2805
2108
0918
0951
1128
0241
0646
0980
0932
1683
1553
1317
1179
2224
2687
0761
0285
2648
3080
1248
2572
0360
0206
3354
0293
0475
2914
1315
0056
1579
2566
0773
0025
0362
2628
1957
2003
3297
3164
0847
1636
2069
3450
2114
2558
0020
2192
1622
1405
2301
0160
0602
2392
1225
0996
1003
1484
2019
1423
0176
2908
0553
2067
1572
2735
3088
2578
1900
2355
2978
3084
1095
0923
2624
3071
1424
0874
0521
2942
1178
2512
2012
2510
1074
2571
0667
1628
1146
1630
0791
1354
3459
3150
2806
0645
3024
0190
1339
3597
3562
0451
3511
0634
3495
1226
3134
1446
2117
1914
1811
2955
0434
0692
3418
2234
3006
2337
2261
3248
2139
1329
2869
1708
1910
1258
0425
3308
1430
0707
1955
1702
1249
1922
2048
0548
0417
1259
1071
1243
1192
0916
2233
1437
3033
0736
0800
2277
0491
3451
1283
0501
0753
0559
3066
2845
2594
1857
1184
3319
2580
3468
3048
0197
2075
3102
1969
2742
1530
1921
2977
1958
0714
2663
2096
1440
2552
2791
2342
0952
2302
3287
1335
1378
1033
3106
3262
0468
3115
1478
0438
1441
2324
3381
2719
2474
1321
3029
1198
1874
0396
0921
2753
0095
2734
1461
1011
1397
2027
3403
0612
0734
1972
2612
1913
2007
3560
2252
0431
0044
0965
1864
0816
1660
2880
1252
1585
0400
3536
2157
2390
2814
0510
3124
2394
0024
1959
0112
0104
1382
2453
2980
3198
1295
1524
0406
3223
1741
1181
2383
2088
2008
2724
3332
1905
3563
0695
2168
0940
1850
0873
1865
2344
2464
3051
1067
1851
3294
0949
0584
2189
1123
0385
0348
1652
2272
0250
2384
0296
1988
1401
3008
3437
1203
2910
1129
1627
0157
2998
2890
0912
1777
0754
0259
1195
3284
0903
1836
2071
0233
2984
3416
1739
1939
1551
0447
2346
1658
2966
2405
1817
0473
2104
1774
3487
3329
2676
0870
2970
6288
3722
5489
4466
3773
6036
4912
6359
7189
6360
6318
6745
7054
4869
6726
4505
5248
4254
4488
6268
7060
6055
5191
6083
4833
5275
6996
6627
5765
6247
6291
5720
5709
3680
6957
6950
6327
5458
4685
5349
3979
5310
4376
3887
5565
5589
7175
5776
6980
4496
5409
4594
4991
5586
7121
5954
7122
5007
5985
5850
3876
5032
4301
3907
7129
5904
3746
4089
6255
4344
4913
4239
5062
4043
3692
4304
4652
4659
4018
4199
7000
5219
5893
5276
6400
4630
6100
5935
6850
3768
4063
5657
5845
7198
5549
4255
3952
5181
4770
6690
3732
6905
6814
6976
5309
6739
3869
4670
4661
4585
3794
5087
6636
3953
6081
6658
5832
3727
4401
6456
3785
6361
5584
6169
4044
4057
6460
6056
4593
5197
6682
5026
5234
3870
4771
3617
5253
5869
6407
5676
4563
5797
5642
3980
4526
6176
6663
4640
5659
6637
4452
4120
4372
6891
6683
6002
5456
6420
3637
6424
4736
5068
4362
3864
4097
5170
5362
6179
6351
6993
5291
7110
6960
3861
7024
6339
4646
7090
3898
7153
4479
5677
4577
5243
6762
7179
6785
5728
3802
4388
3957
4507
4971
4885
5379
5860
4889
6190
7084
4490
3904
5472
5415
6844
4296
5614
4135
5910
5286
4618
6272
5839
6679
6365
6712
3731
6810
6705
6506
6866
6885
4040
3639
4716
5395
7167
3720
4515
5570
5214
7065
5294
6892
3614
5692
4227
6520
5244
6603
5176
6589
6072
4950
6477
4129
6011
5171
4613
5279
6799
4854
4270
4179
6852
5164
6085
4029
4448
7088
5101
4514
4337
4393
6857
6944
4996
6021
4962
5261
5670
4233
6855
4813
4482
4241
5541
6029
6728
5454
4013
6769
5563
4330
6487
6430
5933
4036
3766
5967
4539
3879
6604
3719
6137
7009
5883
4918
6078
6565
4458
6449
5479
7069
6317
3937
5267
4758
4965
6802
6801
4570
7140
4359
6476
5550
6780
6120
7098
5961
4860
5652
6211
4631
5981
6019
5199
4032
6613
3735
4016
5552
4086
4818
6967
5532
7026
6004
3936
6515
5639
4829
5887
5182
7182
5447
6089
4250
6492
4711
6748
5674
5271
6077
5441
6700
4698
4739
5592
5634
3769
4513
6149
4544
5478
6995
4713
6701
4294
4352
3796
6535
6552
6984
5886
4757
5344
6835
6562
6634
5621
6253
4517
4706
6126
6059
7019
6854
6164
4142
4240
3945
6846
5731
5921
5382
5857
6303
5205
6320
6308
4015
7093
5274
4773
6650
5761
4934
5148
6883
7030
3792
6760
5337
4343
3658
4687
5993
5623
6964
6499
6428
3651
7186
5908
5746
4966
5412
5301
6167
4167
4137
6262
5098
5169
5848
5065
4602
5282
5220
4946
7114
5907
6119
5530
4975
6617
7014
5769
5397
5813
4276
7005
5645
5442
7096
5812
6450
7149
6759
5158
6264
5998
3647
5934
4844
3657
7116
5390
4957
6409
5632
5364
5932
5888
6703
5403
6494
4724
6013
3609
3697
7047
5817
6226
6805
6788
3774
4785
3605
5906
5075
5095
6641
4590
6344
5966
5251
4358
4346
6286
5295
6828
4932
5296
3946
6054
5766
6432
5567
5125
6571
4701
7109
5682
6380
5533
4710
6956
6130
3652
7155
4082
4046
4656
4780
4149
5173
3843
5048
5804
5816
6379
4572
6474
6532
6858
7188
3752
3941
6740
5052
3655
6837
5595
3799
6732
3738
6094
6121
4099
5138
6918
3762
3663
4944
6718
6185
3991
4941
5600
6134
5712
4964
5270
5080
6156
5840
5732
6912
5945
4898
5871
6582
3822
7174
6394
4487
4574
3681
4449
6314
5815
5126
6669
4508
3958
4863
7020
5849
4027
4382
6719
5914
4924
3667
4371
5356
6783
6238
5609
4766
3730
4186
4774
5209
6501
4198
4804
5272
7137
4627
5895
6301
4894
6206
5050
4925
6915
6498
4720
3798
5338
6313
4313
4205
4537
6561
4597
4378
5960
5200
4318
3737
6437
4546
5322
7170
6540
7045
3872
4384
7118
7148
6070
3940
6033
4477
3622
5249
5114
6676
4922
6943
6934
7002
4564
6770
4152
4787
5446
6042
7085
5491
6125
3920
6252
4079
3724
6307
5691
6145
7044
6151
4178
6667
5118
5958
6833
6347
7119
6182
6338
3654
6466
5255
7165
6534
4322
5132
5215
3824
5014
3664
4139
5473
4030
5067
7100
7147
3641
5242
6966
6463
3884
5216
3903
6827
4696
6874
6830
4096
5697
5758
7031
4277
7017
3959
6111
5783
6306
6708
5210
4290
3989
6322
4417
5408
7106
7138
6838
5487
6202
6977
3894
5838
5146
4410
6096
6374
4782
4836
5161
5711
4363
3840
7056
6928
4014
3886
6878
6411
5593
5689
4350
4896
5573
6200
4820
5163
6507
5977
6694
5218
5333
4908
4569
5111
4225
6544
4648
6277
4755
5036
3741
5077
4426
3890
5147
6163
5795
4293
7164
6751
5439
6579
4942
4085
3778
7159
5928
5429
4461
5366
3967
6047
6483
3860
5796
4369
5190
6329
5476
5971
5864
4662
6822
4823
6124
5943
5787
7089
5445
6576
5535
4502
6008
6890
4138
5936
5736
6711
3659
6310
4892
4811
4879
5856
6181
6423
6010
3634
4959
5189
4864
5635
3905
5180
6205
3971
3661
6548
5986
5105
6860
4289
4383
5383
5121
4403
6803
5166
6222
6551
3686
6470
6722
5287
5631
3677
4591
7193
7152
5724
5568
4660
3753
6193
5518
3934
6974
3835
6133
5862
7171
6017
5254
6664
5764
7157
4906
3649
6043
6462
6775
6661
5596
6107
5314
6381
5386
6071
4956
6586
7038
6826
5641
5288
4584
3717
4607
4319
5723
7156
4041
5729
6082
3811
5890
4653
6796
3608
6057
5139
4113
4500
6376
6135
4862
4535
6395
4783
6843
3984
6737
5484
4021
5590
4830
6635
4219
6937
4485
6920
6435
4663
4033
3847
4764
6389
5435
6972
6729
6461
6270
5799
6484
4048
5947
3755
5524
3878
4430
6412
4328
6345
6776
5545
5387
4437
5424
4003
5463
6464
5606
5925
5418
4355
6300
5217
4509
3708
7120
4556
6991
6067
7021
5898
4679
4406
5980
5794
5672
4492
3988
4468
3765
4647
5237
5449
6618
4555
5313
5660
5360
3772
4037
3756
5718
6574
3808
4098
4001
4703
5093
4258
4402
7132
6794
5343
6593
3616
6689
4164
5022
6267
5633
3685
6979
7074
4655
6442
4435
7133
3871
4169
4238
6710
4252
4208
4911
4409
5117
4936
5777
4172
6020
6840
3745
6990
4106
6229
6440
6971
4886
6048
6720
4777
5829
7057
5881
5602
4288
3838
7010
5273
5043
4123
3917
4576
5681
6581
5863
6597
5923
4444
6471
4125
5574
4074
6511
4180
5430
6358
5562
6373
6069
7004
4846
5841
4919
7062
6114
6539
6092
6888
4705
4672
5899
4274
4223
6234
5467
5531
6812
5304
7190
4127
6459
6753
5097
4740
4920
5882
4714
3955
5008
6809
5774
6227
4438
4387
6014
5830
4587
6444
4694
5468
5972
4253
5376
3709
5460
4145
5070
4261
6032
6652
5866
4967
6375
5051
5318
4056
5076
3812
5443
6142
4445
6352
7108
4880
5580
4878
5889
4194
5504
4071
3845
4228
6219
5269
4475
6136
3969
6116
4108
4969
6695
4897
6504
3747
5054
5891
5315
3853
4561
6767
6155
4463
6691
4972
5745
5644
4263
5598
3705
6143
6245
5459
6162
4675
6016
3713
5536
4699
4681
6230
4621
7081
3961
4324
5389
6132
6366
4484
6907
6558
3643
4440
6098
4491
6559
7022
5466
6187
6522
6721
4600
3684
7083
5384
6816
5978
5870
3696
3714
5640
4651
3740
3965
3915
5512
4993
5031
7113
7034
5319
7091
4415
5742
3601
6041
4657
4309
5372
6765
6258
4196
4873
6115
5604
6370
6546
6188
6620
6438
6646
4077
5168
5876
3683
6870
4796
5440
5502
4374
4838
4338
4251
3648
6791
3626
6665
5110
6647
5756
6153
5885
3867
7028
3875
7145
6526
4994
6199
5103
6653
5206
5074
4320
5941
5929
5810
5790
4650
6942
7172
5438
5299
6271
6221
5235
5828
5410
4168
5662
3826
5122
4389
5707
4397
4203
5741
5305
6030
4114
4707
4907
4930
5401
4214
3977
6240
4084
3972
5325
5342
5962
6050
5348
4054
3629
3908
6619
5566
5029
6215
4542
4055
5637
5803
7055
4831
4009
5088
5351
3630
3638
4423
6963
6468
4802
5477
5630
5063
7139
4654
5780
7046
5371
4360
3889
5307
5330
6924
4394
5989
4989
3729
7195
5004
4983
5133
4806
5231
6533
4342
5508
6792
3856
6189
6333
7094
5713
7023
4256
4418
6410
5571
5911
7107
5399
5576
3821
3922
5939
6865
6104
5232
5975
6316
6045
5725
4317
3715
7143
6903
5327
3800
5131
5668
4367
3759
3839
6847
4601
6953
4709
5363
4286
6623
4686
5079
6140
4411
4287
5859
5143
4676
5528
6754
3728
4481
6393
6097
5716
6550
4751
4226
4752
6363
5715
3777
5331
5056
3668
6254
3909
5915
6388
4333
4049
3924
5991
6446
6235
6933
5334
4775
5721
6962
5618
6831
4737
5090
3950
4543
4395
6298
4275
6952
4658
5136
5493
5529
4562
5626
7007
3895
6364
7035
5759
6362
3892
6677
5059
6416
3852
3923
5548
6945
5115
5262
4257
4061
6383
5165
3636
4791
4498
3813
4442
5620
6454
5878
5017
5617
6183
6698
6061
3688
6475
5537
4010
5896
4793
7184
6975
5407
3862
6668
5019
7086
4536
5658
6622
5988
3866
4433
4443
5760
4909
4022
3823
5900
5354
4422
4176
6938
4273
6001
5543
4604
6323
4955
6108
4974
6191
6969
6880
6986
5225
6873
4170
3718
4623
4325
4385
4693
5053
5781
4136
4083
3749
4725
4828
6118
4115
6040
4351
7151
6955
6028
4995
4708
6415
4762
6337
5233
6704
3863
4592
4581
6225
5289
5701
5157
4464
6472
4715
6716
6443
5167
3930
6299
6685
6159
3978
6233
3877
6297
6595
6006
5211
6545
4910
5663
4615
3973
3780
6790
4750
6736
4761
6007
6560
3873
5010
4759
5779
4765
4366
6923
6811
4281
5650
6231
7115
5773
7199
5116
5094
4124
5499
4173
4914
4943
5740
4131
6675
4303
4622
5678
7058
6399
4928
6217
6485
6853
6531
6914
3635
6564
5428
6655
6946
4520
5643
6497
5045
5818
4175
4370
4268
5594
5471
5517
6102
4102
4069
6138
5293
3671
6044
5239
4023
4690
3815
3662
3999
5909
5865
5730
5353
6922
4126
4666
6875
5820
4608
6422
4988
4816
4012
5778
4493
3784
6280
5381
5452
6290
4282
4721
5564
4560
5367
3764
3619
5969
4790
5292
6774
6936
6431
4531
4398
5611
6733
6060
4039
5011
4525
5575
4339
6592
4548
6553
3750
5188
3844
3906
6727
6781
5427
5194
5784
5754
6429
5320
5948
5380
3701
6331
6413
5083
4697
7105
4165
5183
6999
4835
6631
5507
4217
4842
6876
6109
4510
3974
5963
4116
6099
6354
4476
5352
4619
6015
3914
6198
4004
7048
4078
6025
5108
5897
4050
5378
4547
6101
4634
6543
6861
4306
6106
4265
4999
5432
4298
6168
4528
6023
5710
5368
4147
4606
4968
6426
6369
5734
4105
5201
4571
5687
6346
6157
4197
6084
3763
6896
7072
7049
5329
6806
5359
7166
5836
5605
4718
4259
4998
6743
6772
5738
7146
6591
6849
6401
4741
6505
5798
5743
5196
3786
5238
4616
5357
5034
6601
4035
7066
3881
6213
5683
7071
3672
3970
6489
3775
6707
5763
4284
6797
6265
5808
5152
4092
3925
3992
3716
6343
6285
6448
6821
6662
6022
5647
6038
3666
5801
4586
5615
6417
3674
6987
3902
4625
5448
5926
4677
6615
7134
5355
6556
4726
6572
5025
3916
3600
5916
4368
6201
6730
4882
4872
4753
6436
6165
5109
3809
6731
6478
5501
6518
6236
4185
6642
6259
6086
5825
5229
5285
5266
6951
4776
5369
6968
6787
6744
4579
5306
5396
4478
4052
4272
4026
4243
6982
4899
3995
4103
6479
5123
5020
4419
5913
4112
3857
4847
4341
6408
6725
6220
5039
7177
4405
5142
3954
3623
4595
5622
6214
4297
3912
6141
4221
3933
6523
5486
6447
4567
6349
5134
3956
6815
6610
4067
5940
6292
6913
3983
4191
6611
4065
6941
6281
4450
3801
6467
4093
4072
6893
4462
6947
3990
5920
4952
5340
4465
6768
3665
5636
4620
4107
4856
6599
3882
4201
5311
6418
6931
5082
3858
6741
5016
5625
6563
6283
6640
4767
5772
5854
4331
4877
6397
5661
4231
5680
5690
6486
5483
4100
5106
4218
4431
5421
5653
5425
4951
4230
7080
6557
3848
6223
5747
7150
3919
4583
3618
6959
4905
5494
4890
5423
4927
6594
5375
5247
4612
4824
6961
4242
6970
5385
5177
7078
4386
6052
5317
5744
3829
5000
4460
7043
5551
4732
6195
4305
4748
5858
5058
3642
5819
4327
5987
7082
3874
3804
3994
4614
4902
3900
4427
4805
6879
4162
3653
6819
5950
4248
4754
3723
5028
5326
5434
3888
5224
4800
4807
4867
4599
4550
5553
4420
5791
5523
5651
4506
4019
5406
4104
6269
6367
6793
4809
7025
5752
3743
5057
4340
5400
5665
5469
4299
5807
6208
6012
7027
5490
5096
4428
6983
6807
6068
5178
5006
4530
6488
3767
4122
3602
3673
3831
6789
4815
5811
6196
4629
5927
5335
6161
6203
4904
5345
3646
3942
4522
5821
5033
5431
5679
3911
6612
4070
3751
5822
4090
5970
4987
6242
6596
5060
5638
5277
6377
5492
5297
5455
3818
4247
3615
6421
3793
5128
5257
5884
5256
3783
6782
5930
4788
6293
6434
3770
4220
5104
6260
4970
6696
3611
3836
6763
4933
4469
6075
6978
5554
4840
6654
4958
6340
3678
6282
4209
4688
5402
6997
3932
5786
6186
3927
6024
5579
4278
4598
5042
6328
4377
6093
5628
5049
6123
5753
3754
5949
4332
5155
5775
5099
7077
6321
3660
4903
6502
6275
4155
5092
5044
4683
6385
6326
7052
7135
3700
3982
4002
5951
3976
6628
5112
4857
3910
5195
6209
6643
5835
5212
4441
6927
6419
7125
6538
7061
6985
5542
5578
4985
6473
4926
6144
5265
5373
4808
4712
4335
4534
4979
4799
5328
6899
4315
4166
6864
4171
5420
7181
7183
5071
5905
5202
6940
4424
5346
6315
7011
4456
6396
6738
3779
4283
4636
3748
5655
5102
5426
5879
7168
4028
5892
4960
4733
5844
6714
6382
5324
6243
4235
4480
6509
4834
3782
6173
6568
6761
5461
5119
4557
6585
5624
6992
5174
5601
4182
4589
5280
6988
6197
4429
6147
4632
6747
4582
6994
4222
4279
4390
4812
7064
6681
7075
6341
4177
3998
6003
6871
4641
4738
6452
6122
6771
5938
3963
6958
6825
6284
3814
4414
6261
4451
5974
4396
5874
6312
4224
6868
5851
6239
4119
4150
4486
6378
3834
4206
5137
3758
5585
6398
5160
6877
5686
6113
6079
5547
5597
5646
5184
4887
6150
6900
5952
6569
6090
5999
5654
5699
5332
4348
6332
4735
5073
4436
5263
4649
3633
4497
5706
4200
3943
5965
5361
5129
5414
4404
4861
4727
4323
5312
6368
4668
7008
7142
5726
4948
6672
4511
6427
6103
3744
6065
6058
4743
6639
6034
7126
4940
5365
6590
6602
5226
4156
5931
3828
4007
4669
4375
4874
7169
5546
7036
3610
5370
3947
4356
4211
4059
5127
5208
4575
6249
3679
4642
6758
4643
5694
6305
5027
7194
5086
4467
5141
6904
7173
5162
4845
3832
5213
5264
4821
6516
4161
6439
4691
4434
4814
4884
4453
4519
6917
4128
4005
6279
3944
4870
3837
5868
6686
6403
7099
6886
4088
6046
4976
3789
7070
4269
5186
4545
3734
6503
4945
4204
7123
6800
7130
3795
5873
6325
7015
3846
5488
3935
6856
4810
4760
6786
5350
6482
3621
4853
5919
3849
4364
6902
6895
6035
5482
6289
5391
6105
4291
6834
4459
6465
5912
7124
4143
4876
7178
3825
6392
6296
6529
5055
5957
5556
4011
6066
6784
5800
5755
6616
3842
5064
5159
3710
4637
4851
5495
4190
4888
4158
4471
5737
4311
6909
7161
5664
4702
6278
6527
6867
3939
5240
3682
5727
4684
4554
6605
4421
6405
5708
4518
4551
4728
3841
4246
4580
4532
5283
5153
4917
4779
5824
6287
4361
3885
6248
6680
4848
6172
3960
3806
6954
3893
4075
6514
4915
3656
5179
6166
4373
3625
3962
6228
5557
5603
6897
6764
4447
5236
5669
7050
5714
6158
3620
5792
5222
5005
5901
3760
4202
5992
4825
4596
4603
5084
5619
5023
3776
6508
4153
5667
5172
6335
6688
6178
5500
5955
6578
6684
4695
4523
6224
6671
5024
4474
4121
6542
4778
6112
5612
6110
4674
6171
4267
5228
4746
5230
4391
4954
7059
6750
6406
4245
6624
3790
4939
7197
7162
4051
7111
4234
7095
4826
6734
5046
5717
5514
5411
6555
4034
4292
7018
5834
6606
5937
5861
6848
5739
4929
6469
5308
5510
4858
4025
6908
5030
4307
5555
5302
4849
5522
5648
4148
4017
4859
4671
4843
4792
4516
5833
5037
6633
4336
4400
5877
4091
7051
4883
4101
4353
4159
6666
6445
6194
5457
4784
6919
6180
7068
6648
3797
5675
6702
5569
6342
5130
5521
6577
5558
4314
6263
5696
5040
6152
6391
5942
4552
5902
6887
4935
4978
4633
6706
6862
4068
6715
5078
4038
5041
5924
6981
6319
6074
4921
6629
4798
5474
3996
4521
6353
3695
6334
5061
4611
4997
5627
7003
4212
4334
5572
6212
5513
5607
7160
5852
4031
3644
4565
5464
4416
5260
6480
4852
5185
4000
7136
5757
5990
6414
4110
6724
5994
3624
5559
3712
3704
4982
6053
6580
6798
4895
5124
4006
6823
5341
4781
5983
5688
5608
6324
6932
5505
7163
4295
5768
4540
5450
4473
5465
5944
6064
6651
4667
5451
6894
4549
4184
5789
4723
3985
3948
5252
5872
3850
5984
3896
5588
5001
6608
7037
4803
6510
4729
5227
3757
6598
6490
4512
5377
4354
3859
4795
6884
4503
5436
5671
3833
6584
7016
5339
5539
5151
4047
5946
5258
6566
6005
5417
4073
5704
5374
7087
6929
6276
4470
6570
