2688,0
0122,0
1889,0
0866,0
0173,0
2436,0
1312,0
2759,0
3589,0
2760,0
2718,0
3145,0
3454,0
1269,0
3126,0
0905,0
1648,0
0654,0
0888,0
2668,0
3460,0
2455,0
1591,0
2483,0
1233,0
1675,0
3396,0
3027,0
2165,0
2647,0
2691,0
2120,0
2109,0
0080,0
3357,0
3350,0
2727,0
1858,0
1085,0
1749,0
0379,0
1710,0
0776,0
0287,0
1965,0
1989,0
3575,0
2176,0
3380,0
0896,0
1809,0
0994,0
1391,0
1986,0
3521,0
2354,0
3522,0
1407,0
2385,0
2250,0
0276,0
1432,0
0701,0
0307,0
3529,0
2304,0
0146,0
0489,0
2655,0
0744,0
1313,0
0639,0
1462,0
0443,0
0092,0
0704,0
1052,0
1059,0
0418,0
0599,0
3400,0
1619,0
2293,0
1676,0
2800,0
1030,0
2500,0
2335,0
3250,0
0168,0
0463,0
2057,0
2245,0
3598,0
1949,0
0655,0
0352,0
1581,0
1170,0
3090,0
0132,0
3305,0
3214,0
3376,0
1709,0
3139,0
0269,0
1070,0
1061,0
0985,0
0194,0
1487,0
3036,0
0353,0
2481,0
3058,0
2232,0
0127,0
0801,0
2856,0
0185,0
2761,0
1984,0
2569,0
0444,0
0457,0
2860,0
2456,0
0993,0
1597,0
3082,0
1426,0
1634,0
0270,0
1171,0
0017,0
1653,0
2269,0
2807,0
2076,0
0963,0
2197,0
2042,0
0380,0
0926,0
2576,0
3063,0
1040,0
2059,0
3037,0
0852,0
0520,0
0772,0
3291,0
3083,0
2402,0
1856,0
2820,0
0037,0
2824,0
1136,0
1468,0
0762,0
0264,0
0497,0
1570,0
1762,0
2579,0
2751,0
3393,0
1691,0
3510,0
3360,0
0261,0
3424,0
2739,0
1046,0
3490,0
0298,0
3553,0
0879,0
2077,0
0977,0
1643,0
3162,0
3579,0
3185,0
2128,0
0202,0
0788,0
0357,0
0907,0
1371,0
1285,0
1779,0
2260,0
1289,0
2590,0
3484,0
0890,0
0304,0
1872,0
1815,0
3244,0
0696,0
2014,0
0535,0
2310,0
1686,0
1018,0
2672,0
2239,0
3079,0
2765,0
3112,0
0131,0
3210,0
3105,0
2906,0
3266,0
3285,0
0440,0
0039,0
1116,0
1795,0
3567,0
0120,0
0915,0
1970,0
1614,0
3465,0
1694,0
3292,0
0014,0
2092,0
0627,0
2920,0
1644,0
3003,0
1576,0
2989,0
2472,0
1350,0
2877,0
0529,0
2411,0
1571,0
1013,0
1679,0
3199,0
1254,0
0670,0
0579,0
3252,0
1564,0
2485,0
0429,0
0848,0
3488,0
1501,0
0914,0
0737,0
0793,0
3257,0
3344,0
1396,0
2421,0
1362,0
1661,0
2070,0
0633,0
3255,0
1213,0
0882,0
0641,0
1941,0
2429,0
3128,0
1854,0
0413,0
3169,0
1963,0
0730,0
2887,0
2830,0
2333,0
0436,0
0166,0
2367,0
0939,0
0279,0
3004,0
0119,0
2537,0
3409,0
2283,0
1318,0
2478,0
2965,0
0858,0
2849,0
1879,0
3469,0
2717,0
0337,0
1667,0
1158,0
1365,0
3202,0
3201,0
0970,0
3540,0
0759,0
2876,0
1950,0
3180,0
2520,0
3498,0
2361,0
1260,0
2052,0
2611,0
1031,0
2381,0
2419,0
1599,0
0432,0
3013,0
0135,0
0416,0
1952,0
0486,0
1218,0
3367,0
1932,0
3426,0
2404,0
0336,0
2915,0
2039,0
1229,0
2287,0
1582,0
3582,0
1847,0
2489,0
0650,0
2892,0
1111,0
3148,0
2074,0
1671,0
2477,0
1841,0
3100,0
1098,0
1139,0
1992,0
2034,0
0169,0
0913,0
2549,0
0944,0
1878,0
3395,0
1113,0
3101,0
0694,0
0752,0
0196,0
2935,0
2952,0
3384,0
2286,0
1157,0
1744,0
3235,0
2962,0
3034,0
2021,0
2653,0
0917,0
1106,0
2526,0
2459,0
3419,0
3254,0
2564,0
0542,0
0640,0
0345,0
3246,0
2131,0
2321,0
1782,0
2257,0
2703,0
1605,0
2720,0
2708,0
0415,0
3493,0
1674,0
1173,0
3050,0
2161,0
1334,0
1548,0
3283,0
3430,0
0192,0
3160,0
1737,0
0743,0
0058,0
1087,0
2393,0
2023,0
3364,0
2899,0
2828,0
0051,0
3586,0
2308,0
2146,0
1366,0
1812,0
1701,0
2567,0
0567,0
0537,0
2662,0
1498,0
1569,0
2248,0
1465,0
1002,0
1682,0
1620,0
1346,0
3514,0
2307,0
2519,0
1930,0
1375,0
3017,0
3414,0
2169,0
1797,0
2213,0
0676,0
3405,0
2045,0
1842,0
3496,0
2212,0
2850,0
3549,0
3159,0
1558,0
2664,0
2398,0
0047,0
2334,0
1244,0
0057,0
3516,0
1790,0
1357,0
2809,0
2032,0
1764,0
2332,0
2288,0
3103,0
1803,0
2894,0
1124,0
2413,0
0009,0
0097,0
3447,0
2217,0
2626,0
3205,0
3188,0
0174,0
1185,0
0005,0
2306,0
1475,0
1495,0
3041,0
0990,0
2744,0
2366,0
1651,0
0758,0
0746,0
2686,0
1695,0
3228,0
1332,0
1696,0
0346,0
2454,0
2166,0
2832,0
1967,0
1525,0
2971,0
1101,0
3509,0
2082,0
2780,0
1933,0
1110,0
3356,0
2530,0
0052,0
3555,0
0482,0
0446,0
1056,0
1180,0
0549,0
1573,0
0243,0
1448,0
2204,0
2216,0
2779,0
0972,0
2874,0
2932,0
3258,0
3588,0
0152,0
0341,0
3140,0
1452,0
0055,0
3237,0
1995,0
0199,0
3132,0
0138,0
2494,0
2521,0
0499,0
1538,0
3318,0
0162,0
0063,0
1344,0
3118,0
2585,0
0391,0
1341,0
2000,0
2534,0
2112,0
1364,0
1670,0
1480,0
2556,0
2240,0
2132,0
3312,0
2345,0
1298,0
2271,0
2982,0
0222,0
3574,0
2794,0
0887,0
0974,0
0081,0
0849,0
2714,0
2215,0
1526,0
3069,0
0908,0
0358,0
1263,0
3420,0
2249,0
0427,0
0782,0
3119,0
2314,0
1324,0
0067,0
0771,0
1756,0
3183,0
2638,0
2009,0
1166,0
0130,0
0586,0
1174,0
1609,0
2901,0
0598,0
1204,0
1672,0
3537,0
1027,0
2295,0
2701,0
1294,0
2606,0
1450,0
1325,0
3315,0
2898,0
1120,0
0198,0
1738,0
2713,0
0713,0
0605,0
0937,0
2961,0
0997,0
0778,0
2360,0
1600,0
0718,0
0137,0
2837,0
0946,0
1722,0
3570,0
2940,0
3445,0
0272,0
0784,0
3518,0
3548,0
2470,0
0340,0
2433,0
0877,0
0022,0
1649,0
1514,0
3076,0
1322,0
3343,0
3334,0
3402,0
0964,0
3170,0
0552,0
1187,0
1846,0
2442,0
3485,0
1891,0
2525,0
0320,0
2652,0
0479,0
0124,0
2707,0
2091,0
2545,0
3444,0
2551,0
0578,0
3067,0
1518,0
2358,0
3233,0
2747,0
3519,0
2582,0
2738,0
0054,0
2866,0
1655,0
3565,0
2934,0
0722,0
1532,0
1615,0
0224,0
1414,0
0064,0
0539,0
1873,0
0430,0
1467,0
3500,0
3547,0
0041,0
1642,0
3366,0
2863,0
0284,0
1616,0
0303,0
3227,0
1096,0
3274,0
3230,0
0496,0
2097,0
2158,0
3431,0
0677,0
3417,0
0359,0
2511,0
2183,0
2706,0
3108,0
1610,0
0690,0
0389,0
2722,0
0817,0
1808,0
3506,0
3538,0
3238,0
1887,0
2602,0
3377,0
0294,0
2238,0
1546,0
0810,0
2496,0
2774,0
1182,0
1236,0
1561,0
2111,0
0763,0
0240,0
3456,0
3328,0
0414,0
0286,0
3278,0
2811,0
1993,0
2089,0
0750,0
1296,0
1973,0
2600,0
1220,0
1563,0
2907,0
2377,0
3094,0
1618,0
1733,0
1308,0
0969,0
1511,0
0625,0
2944,0
1048,0
2677,0
1155,0
1436,0
0141,0
1477,0
0826,0
0290,0
1547,0
2563,0
2195,0
0693,0
3564,0
3151,0
1839,0
2979,0
1342,0
0485,0
0178,0
3559,0
2328,0
1829,0
0861,0
1766,0
0367,0
2447,0
2883,0
0260,0
2196,0
0769,0
1590,0
2729,0
1876,0
2371,0
2264,0
1062,0
3222,0
1223,0
2524,0
2343,0
2187,0
3489,0
1845,0
2976,0
1935,0
0902,0
2408,0
3290,0
0538,0
2336,0
2136,0
3111,0
0059,0
2710,0
1292,0
1211,0
1279,0
2256,0
2581,0
2823,0
2410,0
0034,0
1359,0
1589,0
1264,0
2035,0
0305,0
1580,0
2605,0
0371,0
0061,0
2948,0
2386,0
1505,0
3260,0
0689,0
0783,0
1783,0
1521,0
0803,0
3203,0
1566,0
2622,0
2951,0
0086,0
2870,0
3122,0
1687,0
2031,0
0077,0
0991,0
3593,0
3552,0
2124,0
1968,0
1060,0
0153,0
2593,0
1918,0
0334,0
3374,0
0235,0
2533,0
2262,0
3571,0
2417,0
1654,0
3064,0
2164,0
3557,0
1306,0
0049,0
2443,0
2862,0
3175,0
3061,0
1996,0
2507,0
1714,0
2781,0
1786,0
2471,0
1356,0
2986,0
3438,0
3226,0
2041,0
1688,0
0984,0
0117,0
1007,0
0719,0
2123,0
3556,0
0441,0
2129,0
2482,0
0211,0
2290,0
1053,0
3196,0
0008,0
2457,0
1539,0
0513,0
0900,0
2776,0
2535,0
1262,0
0935,0
2795,0
1183,0
3243,0
0384,0
3137,0
1884,0
0421,0
1990,0
1230,0
3035,0
0619,0
3337,0
0885,0
3320,0
2835,0
1063,0
0433,0
0247,0
1164,0
2789,0
1835,0
3372,0
3129,0
2861,0
2670,0
2199,0
2884,0
0448,0
2347,0
0155,0
1924,0
0278,0
0830,0
2812,0
0728,0
2745,0
3176,0
1945,0
1787,0
0837,0
1824,0
0403,0
1863,0
2864,0
2006,0
2325,0
1818,0
0755,0
2700,0
1617,0
0909,0
0108,0
3520,0
0956,0
3391,0
2467,0
3421,0
2298,0
1079,0
0806,0
2380,0
2194,0
2072,0
0892,0
0388,0
0868,0
0165,0
1047,0
1637,0
1849,0
3018,0
0955,0
1713,0
2060,0
1760,0
0172,0
0437,0
0156,0
2118,0
2974,0
0208,0
0498,0
0401,0
1103,0
1493,0
0658,0
0802,0
3532,0
3194,0
1743,0
2993,0
0016,0
3089,0
0564,0
1422,0
2667,0
2033,0
0085,0
3379,0
3474,0
1055,0
2842,0
0835,0
3533,0
0271,0
0569,0
0638,0
3110,0
0652,0
0608,0
1311,0
0809,0
1517,0
1336,0
2177,0
0572,0
2420,0
3240,0
0145,0
3390,0
0506,0
2629,0
2840,0
3371,0
1286,0
2448,0
3120,0
1177,0
2229,0
3457,0
2281,0
2002,0
0688,0
0238,0
3410,0
1673,0
1443,0
0523,0
0317,0
0976,0
2081,0
2981,0
2263,0
2997,0
2323,0
0844,0
2871,0
0525,0
1974,0
0474,0
2911,0
0580,0
1830,0
2758,0
1962,0
2773,0
2469,0
3404,0
1246,0
2241,0
1319,0
3462,0
2514,0
2939,0
2492,0
3288,0
1105,0
1072,0
2299,0
0674,0
0623,0
2634,0
1867,0
1931,0
3212,0
1704,0
3590,0
0527,0
2859,0
3153,0
1497,0
1140,0
1320,0
2282,0
1114,0
0355,0
1408,0
3209,0
2174,0
2627,0
0838,0
0787,0
2414,0
2230,0
0987,0
2844,0
1094,0
1868,0
2372,0
0653,0
1776,0
0109,0
1860,0
0545,0
1470,0
0661,0
2432,0
3052,0
2266,0
1367,0
2775,0
1451,0
1718,0
0456,0
1476,0
0212,0
1843,0
2542,0
0845,0
2752,0
3508,0
1280,0
1980,0
1278,0
2289,0
0594,0
1904,0
0471,0
0245,0
0628,0
2619,0
1669,0
0875,0
2536,0
0369,0
2516,0
0508,0
1369,0
3095,0
1297,0
2904,0
0147,0
1454,0
2291,0
1715,0
0253,0
0961,0
3167,0
2555,0
0863,0
3091,0
1372,0
2145,0
2044,0
0663,0
1998,0
0105,0
2543,0
2645,0
1859,0
2562,0
1075,0
2416,0
0113,0
1936,0
1099,0
1081,0
2630,0
1021,0
3481,0
0361,0
0724,0
1789,0
2532,0
2766,0
0884,0
3307,0
2958,0
0043,0
0840,0
2498,0
0891,0
2959,0
3422,0
1866,0
2587,0
2922,0
3121,0
1000,0
0084,0
3483,0
1784,0
3216,0
2378,0
2270,0
0096,0
0114,0
2040,0
1051,0
0140,0
0365,0
0315,0
1912,0
1393,0
1431,0
3513,0
3434,0
1719,0
3491,0
0815,0
2142,0
0001,0
2441,0
1057,0
0709,0
1772,0
3165,0
2658,0
0596,0
1273,0
2515,0
2004,0
2770,0
2946,0
2588,0
3020,0
2838,0
3046,0
0477,0
1568,0
2276,0
0083,0
3270,0
1196,0
1840,0
1902,0
0774,0
1238,0
0738,0
0651,0
0048,0
3191,0
0026,0
3065,0
1510,0
3047,0
2156,0
2553,0
2285,0
0267,0
3428,0
0275,0
3545,0
2926,0
1394,0
2599,0
1503,0
3053,0
1606,0
1474,0
0720,0
2341,0
2329,0
2210,0
2190,0
1050,0
3342,0
3572,0
1838,0
1699,0
2671,0
2621,0
1635,0
2228,0
1810,0
0568,0
2062,0
0226,0
1522,0
0789,0
2107,0
0797,0
0603,0
2141,0
1705,0
2430,0
0514,0
1107,0
1307,0
1330,0
1801,0
0614,0
0377,0
2640,0
0484,0
0372,0
1725,0
1742,0
2362,0
2450,0
1748,0
0454,0
0029,0
0308,0
3019,0
1966,0
1429,0
2615,0
0942,0
0455,0
2037,0
2203,0
3455,0
1231,0
0409,0
1488,0
1751,0
0030,0
0038,0
0823,0
3363,0
2868,0
1202,0
1877,0
2030,0
1463,0
3539,0
1054,0
2180,0
3446,0
1771,0
0760,0
0289,0
1707,0
1730,0
3324,0
0794,0
2389,0
1389,0
0129,0
3595,0
1404,0
1383,0
1533,0
1206,0
1631,0
2933,0
0742,0
1908,0
3192,0
0256,0
2589,0
2733,0
3494,0
2113,0
3423,0
0656,0
0818,0
2810,0
1971,0
2311,0
3507,0
1799,0
1976,0
0221,0
0322,0
2339,0
3265,0
2504,0
1632,0
2375,0
2716,0
2445,0
2125,0
0717,0
0115,0
3543,0
3303,0
1727,0
0200,0
1531,0
2068,0
0767,0
0159,0
0239,0
3247,0
1001,0
3353,0
1109,0
1763,0
0686,0
3023,0
1086,0
1479,0
2540,0
0811,0
0687,0
2259,0
1543,0
1076,0
1928,0
3154,0
0128,0
0881,0
2793,0
2497,0
2116,0
2950,0
1151,0
0626,0
1152,0
2763,0
2115,0
0177,0
1731,0
1456,0
0068,0
2654,0
0309,0
2315,0
2788,0
0733,0
0449,0
0324,0
2391,0
2846,0
2635,0
3333,0
1734,0
1175,0
2121,0
3362,0
2018,0
3231,0
1137,0
1490,0
0350,0
0943,0
0795,0
2698,0
0675,0
3352,0
1058,0
1536,0
1893,0
1929,0
0962,0
2026,0
3407,0
0295,0
2764,0
3435,0
2159,0
2762,0
0292,0
3077,0
1459,0
2816,0
0252,0
0323,0
1948,0
3345,0
1515,0
1662,0
0657,0
0461,0
2783,0
1565,0
0036,0
1191,0
0898,0
0213,0
0842,0
2020,0
2854,0
2278,0
1417,0
2017,0
2583,0
3098,0
2461,0
0088,0
2875,0
1937,0
0410,0
2296,0
1193,0
3584,0
3375,0
1807,0
0262,0
3068,0
1419,0
3486,0
0936,0
2058,0
3022,0
2388,0
0266,0
0833,0
0843,0
2160,0
1309,0
0422,0
0223,0
2300,0
1754,0
0822,0
0576,0
3338,0
0673,0
2401,0
1943,0
1004,0
2723,0
1355,0
2508,0
1374,0
2591,0
3369,0
3280,0
3386,0
1625,0
3273,0
0570,0
0118,0
1023,0
0725,0
0785,0
1093,0
1453,0
2181,0
0536,0
0483,0
0149,0
1125,0
1228,0
2518,0
0515,0
2440,0
0751,0
3551,0
3355,0
2428,0
1395,0
1108,0
2815,0
1162,0
2737,0
1633,0
3104,0
0263,0
0992,0
0981,0
2625,0
1689,0
2101,0
1557,0
0864,0
2872,0
1115,0
3116,0
2843,0
1567,0
0330,0
2699,0
3085,0
2559,0
0378,0
2633,0
0277,0
2697,0
2995,0
2406,0
1611,0
2945,0
1310,0
2063,0
1015,0
0373,0
0180,0
3190,0
1150,0
3136,0
1161,0
2407,0
2960,0
0273,0
1410,0
1159,0
2179,0
1165,0
0766,0
3323,0
3211,0
0681,0
2050,0
2631,0
3515,0
2173,0
3599,0
1516,0
1494,0
0524,0
1899,0
0573,0
1314,0
1343,0
2140,0
0531,0
3075,0
0703,0
1022,0
2078,0
3458,0
2799,0
1328,0
2617,0
2885,0
3253,0
2931,0
3314,0
0035,0
2964,0
1828,0
3055,0
3346,0
0920,0
2043,0
2897,0
1445,0
2218,0
0575,0
0770,0
0668,0
1994,0
1871,0
1917,0
2502,0
0502,0
0469,0
2538,0
1693,0
0071,0
2444,0
1639,0
0423,0
1090,0
0215,0
0062,0
0399,0
2309,0
2265,0
2130,0
1753,0
3322,0
0526,0
1066,0
3275,0
2220,0
1008,0
2822,0
1388,0
1216,0
0412,0
2178,0
0893,0
0184,0
2680,0
1781,0
1852,0
2690,0
0682,0
1121,0
1964,0
0960,0
1767,0
0164,0
0019,0
2369,0
1190,0
1692,0
3174,0
3336,0
2831,0
0931,0
0798,0
2011,0
3133,0
2460,0
0439,0
1411,0
0925,0
1975,0
0739,0
2992,0
0948,0
2953,0
0150,0
1588,0
0244,0
0306,0
3127,0
3181,0
1827,0
1594,0
2184,0
2154,0
2829,0
1720,0
2348,0
1780,0
0101,0
2731,0
2813,0
1483,0
1097,0
3505,0
0565,0
1583,0
3399,0
1235,0
3031,0
1907,0
0617,0
1242,0
3276,0
2509,0
0910,0
0374,0
2363,0
0516,0
2499,0
2754,0
0876,0
1752,0
1019,0
2415,0
0314,0
2598,0
0404,0
3448,0
0478,0
2425,0
1508,0
2297,0
0450,0
1778,0
0947,0
2501,0
1034,0
2943,0
3261,0
0706,0
2506,0
0665,0
1399,0
1832,0
0698,0
2568,0
0928,0
2423,0
2110,0
1768,0
0547,0
1006,0
1368,0
2826,0
2769,0
2134,0
0505,0
1601,0
0971,0
2087,0
2746,0
2557,0
0597,0
2484,0
0163,0
3296,0
3472,0
3449,0
1729,0
3206,0
1759,0
3566,0
2236,0
2005,0
1118,0
0659,0
1398,0
3143,0
3172,0
2138,0
3546,0
2991,0
3249,0
2801,0
1141,0
2905,0
2198,0
2143,0
1596,0
0186,0
1638,0
1016,0
1757,0
1434,0
3001,0
0435,0
3466,0
0281,0
2613,0
2083,0
3471,0
0072,0
0370,0
2889,0
0175,0
3107,0
2163,0
0684,0
3197,0
2665,0
2208,0
1552,0
0492,0
0325,0
0392,0
0116,0
2743,0
2685,0
2848,0
3221,0
3062,0
2422,0
2047,0
2438,0
0066,0
2201,0
0986,0
2015,0
2817,0
0074,0
3387,0
0302,0
1025,0
1848,0
2326,0
1077,0
3015,0
3534,0
1755,0
2956,0
1126,0
2972,0
1425,0
0316,0
0000,0
2316,0
0768,0
2601,0
3130,0
1282,0
1272,0
1153,0
2836,0
2565,0
1509,0
0209,0
3131,0
2878,0
1901,0
2918,0
2636,0
0585,0
3042,0
2659,0
2486,0
2225,0
1629,0
1685,0
1666,0
3351,0
1176,0
1769,0
3368,0
3187,0
3144,0
0979,0
1706,0
1796,0
0878,0
0452,0
0672,0
0426,0
0643,0
3382,0
1299,0
0395,0
0503,0
2879,0
1523,0
1420,0
0819,0
2313,0
0512,0
0257,0
1247,0
0741,0
2808,0
3125,0
2620,0
1439,0
3577,0
0805,0
1542,0
0354,0
0023,0
0995,0
2022,0
2614,0
0697,0
0312,0
2541,0
0621,0
0333,0
2923,0
1886,0
2847,0
0967,0
2749,0
1534,0
0356,0
3215,0
3010,0
0467,0
2340,0
2692,0
3313,0
0383,0
0591,0
3011,0
0465,0
3341,0
2681,0
0850,0
0201,0
2867,0
0493,0
0472,0
3293,0
0862,0
3347,0
0390,0
2320,0
1352,0
1740,0
0865,0
3168,0
0065,0
2036,0
1020,0
0507,0
1256,0
2999,0
0282,0
0601,0
1711,0
2818,0
3331,0
1482,0
0258,0
3141,0
1416,0
2025,0
2963,0
2683,0
3040,0
1167,0
2172,0
2254,0
0731,0
1277,0
2797,0
2061,0
0631,0
2080,0
2090,0
2886,0
1883,0
0500,0
1506,0
0618,0
0831,0
1821,0
2053,0
1825,0
1351,0
0630,0
3480,0
2957,0
0248,0
2623,0
2147,0
3550,0
0319,0
0983,0
0018,0
3359,0
1305,0
1894,0
1290,0
1823,0
1327,0
2994,0
1775,0
1647,0
1012,0
1224,0
3361,0
0642,0
3370,0
1785,0
1577,0
3478,0
0786,0
2452,0
1717,0
2144,0
0229,0
1400,0
0860,0
3443,0
1951,0
1132,0
2595,0
0705,0
1148,0
2258,0
1458,0
0042,0
2219,0
0727,0
2387,0
3482,0
0274,0
0204,0
0394,0
1014,0
1302,0
0300,0
0827,0
1205,0
3279,0
0562,0
0053,0
3219,0
2350,0
0648,0
1154,0
0123,0
1428,0
1726,0
1834,0
0288,0
1624,0
1200,0
1207,0
1267,0
0999,0
0950,0
1953,0
0820,0
2191,0
1923,0
2051,0
0906,0
0419,0
1806,0
0504,0
2669,0
2767,0
3193,0
1209,0
3425,0
2152,0
0143,0
1457,0
0740,0
1800,0
2065,0
1869,0
0699,0
2207,0
2608,0
2412,0
3427,0
1890,0
1496,0
0828,0
3383,0
3207,0
2468,0
1578,0
1406,0
0930,0
2888,0
0167,0
0522,0
0002,0
0073,0
0231,0
3189,0
1215,0
2211,0
2596,0
1029,0
2327,0
1735,0
2561,0
2603,0
1304,0
1745,0
0046,0
0342,0
0922,0
2221,0
1433,0
1831,0
2079,0
0311,0
3012,0
0470,0
0151,0
2222,0
0490,0
2370,0
1387,0
2642,0
2996,0
1460,0
2038,0
1677,0
2777,0
1892,0
1697,0
1855,0
0218,0
0647,0
0015,0
2821,0
0193,0
1528,0
1657,0
2284,0
1656,0
0183,0
3182,0
2330,0
1188,0
2693,0
2834,0
0170,0
0620,0
1504,0
2660,0
1370,0
3096,0
0011,0
0236,0
3163,0
1333,0
0869,0
2475,0
3378,0
1954,0
1240,0
3054,0
1358,0
2740,0
0078,0
2682,0
0609,0
1088,0
1802,0
3397,0
0332,0
2186,0
2586,0
0327,0
2424,0
1979,0
0678,0
0998,0
1442,0
2728,0
0777,0
2493,0
2028,0
1449,0
2523,0
2153,0
0154,0
2349,0
0732,0
1555,0
2175,0
1499,0
3477,0
2721,0
0060,0
1303,0
2902,0
2675,0
0555,0
1492,0
1444,0
1083,0
2785,0
2726,0
3452,0
3535,0
0100,0
0382,0
0402,0
2351,0
0376,0
3028,0
1512,0
1257,0
0310,0
1595,0
2609,0
3043,0
2235,0
1612,0
0841,0
3327,0
2819,0
3525,0
2938,0
3461,0
3385,0
1942,0
1978,0
1385,0
2873,0
1326,0
2544,0
1665,0
1773,0
1208,0
1112,0
0735,0
0934,0
1379,0
1199,0
1728,0
3299,0
0715,0
0566,0
3264,0
0571,0
1820,0
3581,0
3583,0
1471,0
2305,0
1602,0
3340,0
0824,0
1746,0
2715,0
3411,0
0856,0
2796,0
3138,0
0179,0
0683,0
1036,0
0148,0
2055,0
1502,0
1826,0
2279,0
3568,0
0428,0
2292,0
1360,0
1133,0
2244,0
3114,0
2782,0
1724,0
2643,0
0635,0
0880,0
2909,0
1234,0
0182,0
2573,0
2968,0
3161,0
1861,0
1519,0
0957,0
2985,0
2024,0
3392,0
1574,0
2001,0
0582,0
0989,0
1680,0
3388,0
2597,0
0829,0
2547,0
1032,0
3147,0
0982,0
3394,0
0622,0
0679,0
0790,0
1212,0
3464,0
3081,0
3475,0
2741,0
0577,0
0398,0
2403,0
3271,0
1041,0
1138,0
2852,0
2522,0
3171,0
2338,0
0363,0
3358,0
3225,0
2684,0
0214,0
0814,0
2661,0
0851,0
2374,0
0796,0
2274,0
2712,0
0624,0
3268,0
2251,0
2639,0
0519,0
0550,0
0886,0
2778,0
0234,0
0606,0
1537,0
0158,0
1985,0
2798,0
1560,0
3277,0
2086,0
2513,0
2479,0
1947,0
1997,0
2046,0
1584,0
1287,0
2550,0
3300,0
2352,0
2969,0
2490,0
2399,0
2054,0
2099,0
1732,0
0748,0
2732,0
1135,0
1473,0
0836,0
1663,0
1049,0
0033,0
0897,0
2106,0
0600,0
0343,0
2365,0
1761,0
1529,0
1814,0
0804,0
1261,0
1127,0
0723,0
1712,0
2768,0
1068,0
3408,0
3542,0
2126,0
1348,0
3072,0
0911,0
2827,0
2503,0
0144,0
2465,0
2458,0
1143,0
3039,0
2434,0
3526,0
1340,0
1765,0
2990,0
3002,0
1626,0
0556,0
2331,0
0228,0
0407,0
1069,0
0775,0
1274,0
3569,0
1946,0
3436,0
0010,0
1770,0
0347,0
0756,0
0611,0
0459,0
1527,0
1608,0
0975,0
2649,0
0079,0
1042,0
3158,0
1043,0
2094,0
2705,0
1427,0
3594,0
1486,0
0867,0
1541,0
3304,0
3573,0
1562,0
1245,0
0232,0
1613,0
1664,0
1221,0
2916,0
0561,0
2839,0
1091,0
0834,0
1214,0
1284,0
0853,0
0919,0
3317,0
0528,0
0405,0
2679,0
0344,0
1270,0
0237,0
2268,0
3086,0
2803,0
3499,0
3286,0
0488,0
2446,0
1376,0
0189,0
3470,0
0669,0
1586,0
0945,0
0134,0
2903,0
1345,0
0604,0
3523,0
3200,0
3530,0
0195,0
2273,0
2725,0
3415,0
0246,0
1888,0
0335,0
3256,0
1210,0
1160,0
3186,0
1750,0
2882,0
0021,0
1253,0
2319,0
0249,0
0764,0
3302,0
3295,0
2435,0
1882,0
2689,0
1791,0
2505,0
0691,0
3234,0
0859,0
2865,0
2312,0
3524,0
0543,0
1276,0
3578,0
0225,0
2792,0
2696,0
2929,0
1455,0
2357,0
1956,0
0411,0
2466,0
3184,0
2200,0
2155,0
3016,0
0242,0
1464,0
1559,0
0110,0
1037,0
1251,0
1895,0
0590,0
1288,0
0558,0
0871,0
2137,0
0711,0
3309,0
3561,0
2064,0
1102,0
2678,0
2927,0
3267,0
0339,0
1640,0
0082,0
2127,0
1084,0
0954,0
3005,0
0821,0
2805,0
2108,0
0918,0
0951,0
1128,0
0241,0
0646,0
0980,0
0932,0
1683,0
1553,0
1317,0
1179,0
2224,0
2687,0
0761,0
0285,0
2648,0
3080,0
1248,0
2572,0
0360,0
0206,0
3354,0
0293,0
0475,0
2914,0
1315,0
0056,0
1579,0
2566,0
0773,0
0025,0
0362,0
2628,0
1957,0
2003,0
3297,0
3164,0
0847,0
1636,0
2069,0
3450,0
2114,0
2558,0
0020,0
2192,0
1622,0
1405,0
2301,0
0160,0
0602,0
2392,0
1225,0
0996,0
1003,0
1484,0
2019,0
1423,0
0176,0
2908,0
0553,0
2067,0
1572,0
2735,0
3088,0
2578,0
1900,0
2355,0
2978,0
3084,0
1095,0
0923,0
2624,0
3071,0
1424,0
0874,0
0521,0
2942,0
1178,0
2512,0
2012,0
2510,0
1074,0
2571,0
0667,0
1628,0
1146,0
1630,0
0791,0
1354,0
3459,0
3150,0
2806,0
0645,0
3024,0
0190,0
1339,0
3597,0
3562,0
0451,0
3511,0
0634,0
3495,0
1226,0
3134,0
1446,0
2117,0
1914,0
1811,0
2955,0
0434,0
0692,0
3418,0
2234,0
3006,0
2337,0
2261,0
3248,0
2139,0
1329,0
2869,0
1708,0
1910,0
1258,0
0425,0
3308,0
1430,0
0707,0
1955,0
1702,0
1249,0
1922,0
2048,0
0548,0
0417,0
1259,0
1071,0
1243,0
1192,0
0916,0
2233,0
1437,0
3033,0
0736,0
0800,0
2277,0
0491,0
3451,0
1283,0
0501,0
0753,0
0559,0
3066,0
2845,0
2594,0
1857,0
1184,0
3319,0
2580,0
3468,0
3048,0
0197,0
2075,0
3102,0
1969,0
2742,0
1530,0
1921,0
2977,0
1958,0
0714,0
2663,0
2096,0
1440,0
2552,0
2791,0
2342,0
0952,0
2302,0
3287,0
1335,0
1378,0
1033,0
3106,0
3262,0
0468,0
3115,0
1478,0
0438,0
1441,0
2324,0
3381,0
2719,0
2474,0
1321,0
3029,0
1198,0
1874,0
0396,0
0921,0
2753,0
0095,0
2734,0
1461,0
1011,0
1397,0
2027,0
3403,0
0612,0
0734,0
1972,0
2612,0
1913,0
2007,0
3560,0
2252,0
0431,0
0044,0
0965,0
1864,0
0816,0
1660,0
2880,0
1252,0
1585,0
0400,0
3536,0
2157,0
2390,0
2814,0
0510,0
3124,0
2394,0
0024,0
1959,0
0112,0
0104,0
1382,0
2453,0
2980,0
3198,0
1295,0
1524,0
0406,0
3223,0
1741,0
1181,0
2383,0
2088,0
2008,0
2724,0
3332,0
1905,0
3563,0
0695,0
2168,0
0940,0
1850,0
0873,0
1865,0
2344,0
2464,0
3051,0
1067,0
1851,0
3294,0
0949,0
0584,0
2189,0
1123,0
0385,0
0348,0
1652,0
2272,0
0250,0
2384,0
0296,0
1988,0
1401,0
3008,0
3437,0
1203,0
2910,0
1129,0
1627,0
0157,0
2998,0
2890,0
0912,0
1777,0
0754,0
0259,0
1195,0
3284,0
0903,0
1836,0
2071,0
0233,0
2984,0
3416,0
1739,0
1939,0
1551,0
0447,0
2346,0
1658,0
2966,0
2405,0
1817,0
0473,0
2104,0
1774,0
3487,0
3329,0
2676,0
0870,0
2970,0
6288,1
3722,1
5489,1
4466,1
3773,1
6036,1
4912,1
6359,1
7189,1
6360,1
6318,1
6745,1
7054,1
4869,1
6726,1
4505,1
5248,1
4254,1
4488,1
6268,1
7060,1
6055,1
5191,1
6083,1
4833,1
5275,1
6996,1
6627,1
5765,1
6247,1
6291,1
5720,1
5709,1
3680,1
6957,1
6950,1
6327,1
5458,1
4685,1
5349,1
3979,1
5310,1
4376,1
3887,1
5565,1
5589,1
7175,1
5776,1
6980,1
4496,1
5409,1
4594,1
4991,1
5586,1
7121,1
5954,1
7122,1
5007,1
5985,1
5850,1
3876,1
5032,1
4301,1
3907,1
7129,1
5904,1
3746,1
4089,1
6255,1
4344,1
4913,1
4239,1
5062,1
4043,1
3692,1
4304,1
4652,1
4659,1
4018,1
4199,1
7000,1
5219,1
5893,1
5276,1
6400,1
4630,1
6100,1
5935,1
6850,1
3768,1
4063,1
5657,1
5845,1
7198,1
5549,1
4255,1
3952,1
5181,1
4770,1
6690,1
3732,1
6905,1
6814,1
6976,1
5309,1
6739,1
3869,1
4670,1
4661,1
4585,1
3794,1
5087,1
6636,1
3953,1
6081,1
6658,1
5832,1
3727,1
4401,1
6456,1
3785,1
6361,1
5584,1
6169,1
4044,1
4057,1
6460,1
6056,1
4593,1
5197,1
6682,1
5026,1
5234,1
3870,1
4771,1
3617,1
5253,1
5869,1
6407,1
5676,1
4563,1
5797,1
5642,1
3980,1
4526,1
6176,1
6663,1
4640,1
5659,1
6637,1
4452,1
4120,1
4372,1
6891,1
6683,1
6002,1
5456,1
6420,1
3637,1
6424,1
4736,1
5068,1
4362,1
3864,1
4097,1
5170,1
5362,1
6179,1
6351,1
6993,1
5291,1
7110,1
6960,1
3861,1
7024,1
6339,1
4646,1
7090,1
3898,1
7153,1
4479,1
5677,1
4577,1
5243,1
6762,1
7179,1
6785,1
5728,1
3802,1
4388,1
3957,1
4507,1
4971,1
4885,1
5379,1
5860,1
4889,1
6190,1
7084,1
4490,1
3904,1
5472,1
5415,1
6844,1
4296,1
5614,1
4135,1
5910,1
5286,1
4618,1
6272,1
5839,1
6679,1
6365,1
6712,1
3731,1
6810,1
6705,1
6506,1
6866,1
6885,1
4040,1
3639,1
4716,1
5395,1
7167,1
3720,1
4515,1
5570,1
5214,1
7065,1
5294,1
6892,1
3614,1
5692,1
4227,1
6520,1
5244,1
6603,1
5176,1
6589,1
6072,1
4950,1
6477,1
4129,1
6011,1
5171,1
4613,1
5279,1
6799,1
4854,1
4270,1
4179,1
6852,1
5164,1
6085,1
4029,1
4448,1
7088,1
5101,1
4514,1
4337,1
4393,1
6857,1
6944,1
4996,1
6021,1
4962,1
5261,1
5670,1
4233,1
6855,1
4813,1
4482,1
4241,1
5541,1
6029,1
6728,1
5454,1
4013,1
6769,1
5563,1
4330,1
6487,1
6430,1
5933,1
4036,1
3766,1
5967,1
4539,1
3879,1
6604,1
3719,1
6137,1
7009,1
5883,1
4918,1
6078,1
6565,1
4458,1
6449,1
5479,1
7069,1
6317,1
3937,1
5267,1
4758,1
4965,1
6802,1
6801,1
4570,1
7140,1
4359,1
6476,1
5550,1
6780,1
6120,1
7098,1
5961,1
4860,1
5652,1
6211,1
4631,1
5981,1
6019,1
5199,1
4032,1
6613,1
3735,1
4016,1
5552,1
4086,1
4818,1
6967,1
5532,1
7026,1
6004,1
3936,1
6515,1
5639,1
4829,1
5887,1
5182,1
7182,1
5447,1
6089,1
4250,1
6492,1
4711,1
6748,1
5674,1
5271,1
6077,1
5441,1
6700,1
4698,1
4739,1
5592,1
5634,1
3769,1
4513,1
6149,1
4544,1
5478,1
6995,1
4713,1
6701,1
4294,1
4352,1
3796,1
6535,1
6552,1
6984,1
5886,1
4757,1
5344,1
6835,1
6562,1
6634,1
5621,1
6253,1
4517,1
4706,1
6126,1
6059,1
7019,1
6854,1
6164,1
4142,1
4240,1
3945,1
6846,1
5731,1
5921,1
5382,1
5857,1
6303,1
5205,1
6320,1
6308,1
4015,1
7093,1
5274,1
4773,1
6650,1
5761,1
4934,1
5148,1
6883,1
7030,1
3792,1
6760,1
5337,1
4343,1
3658,1
4687,1
5993,1
5623,1
6964,1
6499,1
6428,1
3651,1
7186,1
5908,1
5746,1
4966,1
5412,1
5301,1
6167,1
4167,1
4137,1
6262,1
5098,1
5169,1
5848,1
5065,1
4602,1
5282,1
5220,1
4946,1
7114,1
5907,1
6119,1
5530,1
4975,1
6617,1
7014,1
5769,1
5397,1
5813,1
4276,1
7005,1
5645,1
5442,1
7096,1
5812,1
6450,1
7149,1
6759,1
5158,1
6264,1
5998,1
3647,1
5934,1
4844,1
3657,1
7116,1
5390,1
4957,1
6409,1
5632,1
5364,1
5932,1
5888,1
6703,1
5403,1
6494,1
4724,1
6013,1
3609,1
3697,1
7047,1
5817,1
6226,1
6805,1
6788,1
3774,1
4785,1
3605,1
5906,1
5075,1
5095,1
6641,1
4590,1
6344,1
5966,1
5251,1
4358,1
4346,1
6286,1
5295,1
6828,1
4932,1
5296,1
3946,1
6054,1
5766,1
6432,1
5567,1
5125,1
6571,1
4701,1
7109,1
5682,1
6380,1
5533,1
4710,1
6956,1
6130,1
3652,1
7155,1
4082,1
4046,1
4656,1
4780,1
4149,1
5173,1
3843,1
5048,1
5804,1
5816,1
6379,1
4572,1
6474,1
6532,1
6858,1
7188,1
3752,1
3941,1
6740,1
5052,1
3655,1
6837,1
5595,1
3799,1
6732,1
3738,1
6094,1
6121,1
4099,1
5138,1
6918,1
3762,1
3663,1
4944,1
6718,1
6185,1
3991,1
4941,1
5600,1
6134,1
5712,1
4964,1
5270,1
5080,1
6156,1
5840,1
5732,1
6912,1
5945,1
4898,1
5871,1
6582,1
3822,1
7174,1
6394,1
4487,1
4574,1
3681,1
4449,1
6314,1
5815,1
5126,1
6669,1
4508,1
3958,1
4863,1
7020,1
5849,1
4027,1
4382,1
6719,1
5914,1
4924,1
3667,1
4371,1
5356,1
6783,1
6238,1
5609,1
4766,1
3730,1
4186,1
4774,1
5209,1
6501,1
4198,1
4804,1
5272,1
7137,1
4627,1
5895,1
6301,1
4894,1
6206,1
5050,1
4925,1
6915,1
6498,1
4720,1
3798,1
5338,1
6313,1
4313,1
4205,1
4537,1
6561,1
4597,1
4378,1
5960,1
5200,1
4318,1
3737,1
6437,1
4546,1
5322,1
7170,1
6540,1
7045,1
3872,1
4384,1
7118,1
7148,1
6070,1
3940,1
6033,1
4477,1
3622,1
5249,1
5114,1
6676,1
4922,1
6943,1
6934,1
7002,1
4564,1
6770,1
4152,1
4787,1
5446,1
6042,1
7085,1
5491,1
6125,1
3920,1
6252,1
4079,1
3724,1
6307,1
5691,1
6145,1
7044,1
6151,1
4178,1
6667,1
5118,1
5958,1
6833,1
6347,1
7119,1
6182,1
6338,1
3654,1
6466,1
5255,1
7165,1
6534,1
4322,1
5132,1
5215,1
3824,1
5014,1
3664,1
4139,1
5473,1
4030,1
5067,1
7100,1
7147,1
3641,1
5242,1
6966,1
6463,1
3884,1
5216,1
3903,1
6827,1
4696,1
6874,1
6830,1
4096,1
5697,1
5758,1
7031,1
4277,1
7017,1
3959,1
6111,1
5783,1
6306,1
6708,1
5210,1
4290,1
3989,1
6322,1
4417,1
5408,1
7106,1
7138,1
6838,1
5487,1
6202,1
6977,1
3894,1
5838,1
5146,1
4410,1
6096,1
6374,1
4782,1
4836,1
5161,1
5711,1
4363,1
3840,1
7056,1
6928,1
4014,1
3886,1
6878,1
6411,1
5593,1
5689,1
4350,1
4896,1
5573,1
6200,1
4820,1
5163,1
6507,1
5977,1
6694,1
5218,1
5333,1
4908,1
4569,1
5111,1
4225,1
6544,1
4648,1
6277,1
4755,1
5036,1
3741,1
5077,1
4426,1
3890,1
5147,1
6163,1
5795,1
4293,1
7164,1
6751,1
5439,1
6579,1
4942,1
4085,1
3778,1
7159,1
5928,1
5429,1
4461,1
5366,1
3967,1
6047,1
6483,1
3860,1
5796,1
4369,1
5190,1
6329,1
5476,1
5971,1
5864,1
4662,1
6822,1
4823,1
6124,1
5943,1
5787,1
7089,1
5445,1
6576,1
5535,1
4502,1
6008,1
6890,1
4138,1
5936,1
5736,1
6711,1
3659,1
6310,1
4892,1
4811,1
4879,1
5856,1
6181,1
6423,1
6010,1
3634,1
4959,1
5189,1
4864,1
5635,1
3905,1
5180,1
6205,1
3971,1
3661,1
6548,1
5986,1
5105,1
6860,1
4289,1
4383,1
5383,1
5121,1
4403,1
6803,1
5166,1
6222,1
6551,1
3686,1
6470,1
6722,1
5287,1
5631,1
3677,1
4591,1
7193,1
7152,1
5724,1
5568,1
4660,1
3753,1
6193,1
5518,1
3934,1
6974,1
3835,1
6133,1
5862,1
7171,1
6017,1
5254,1
6664,1
5764,1
7157,1
4906,1
3649,1
6043,1
6462,1
6775,1
6661,1
5596,1
6107,1
5314,1
6381,1
5386,1
6071,1
4956,1
6586,1
7038,1
6826,1
5641,1
5288,1
4584,1
3717,1
4607,1
4319,1
5723,1
7156,1
4041,1
5729,1
6082,1
3811,1
5890,1
4653,1
6796,1
3608,1
6057,1
5139,1
4113,1
4500,1
6376,1
6135,1
4862,1
4535,1
6395,1
4783,1
6843,1
3984,1
6737,1
5484,1
4021,1
5590,1
4830,1
6635,1
4219,1
6937,1
4485,1
6920,1
6435,1
4663,1
4033,1
3847,1
4764,1
6389,1
5435,1
6972,1
6729,1
6461,1
6270,1
5799,1
6484,1
4048,1
5947,1
3755,1
5524,1
3878,1
4430,1
6412,1
4328,1
6345,1
6776,1
5545,1
5387,1
4437,1
5424,1
4003,1
5463,1
6464,1
5606,1
5925,1
5418,1
4355,1
6300,1
5217,1
4509,1
3708,1
7120,1
4556,1
6991,1
6067,1
7021,1
5898,1
4679,1
4406,1
5980,1
5794,1
5672,1
4492,1
3988,1
4468,1
3765,1
4647,1
5237,1
5449,1
6618,1
4555,1
5313,1
5660,1
5360,1
3772,1
4037,1
3756,1
5718,1
6574,1
3808,1
4098,1
4001,1
4703,1
5093,1
4258,1
4402,1
7132,1
6794,1
5343,1
6593,1
3616,1
6689,1
4164,1
5022,1
6267,1
5633,1
3685,1
6979,1
7074,1
4655,1
6442,1
4435,1
7133,1
3871,1
4169,1
4238,1
6710,1
4252,1
4208,1
4911,1
4409,1
5117,1
4936,1
5777,1
4172,1
6020,1
6840,1
3745,1
6990,1
4106,1
6229,1
6440,1
6971,1
4886,1
6048,1
6720,1
4777,1
5829,1
7057,1
5881,1
5602,1
4288,1
3838,1
7010,1
5273,1
5043,1
4123,1
3917,1
4576,1
5681,1
6581,1
5863,1
6597,1
5923,1
4444,1
6471,1
4125,1
5574,1
4074,1
6511,1
4180,1
5430,1
6358,1
5562,1
6373,1
6069,1
7004,1
4846,1
5841,1
4919,1
7062,1
6114,1
6539,1
6092,1
6888,1
4705,1
4672,1
5899,1
4274,1
4223,1
6234,1
5467,1
5531,1
6812,1
5304,1
7190,1
4127,1
6459,1
6753,1
5097,1
4740,1
4920,1
5882,1
4714,1
3955,1
5008,1
6809,1
5774,1
6227,1
4438,1
4387,1
6014,1
5830,1
4587,1
6444,1
4694,1
5468,1
5972,1
4253,1
5376,1
3709,1
5460,1
4145,1
5070,1
4261,1
6032,1
6652,1
5866,1
4967,1
6375,1
5051,1
5318,1
4056,1
5076,1
3812,1
5443,1
6142,1
4445,1
6352,1
7108,1
4880,1
5580,1
4878,1
5889,1
4194,1
5504,1
4071,1
3845,1
4228,1
6219,1
5269,1
4475,1
6136,1
3969,1
6116,1
4108,1
4969,1
6695,1
4897,1
6504,1
3747,1
5054,1
5891,1
5315,1
3853,1
4561,1
6767,1
6155,1
4463,1
6691,1
4972,1
5745,1
5644,1
4263,1
5598,1
3705,1
6143,1
6245,1
5459,1
6162,1
4675,1
6016,1
3713,1
5536,1
4699,1
4681,1
6230,1
4621,1
7081,1
3961,1
4324,1
5389,1
6132,1
6366,1
4484,1
6907,1
6558,1
3643,1
4440,1
6098,1
4491,1
6559,1
7022,1
5466,1
6187,1
6522,1
6721,1
4600,1
3684,1
7083,1
5384,1
6816,1
5978,1
5870,1
3696,1
3714,1
5640,1
4651,1
3740,1
3965,1
3915,1
5512,1
4993,1
5031,1
7113,1
7034,1
5319,1
7091,1
4415,1
5742,1
3601,1
6041,1
4657,1
4309,1
5372,1
6765,1
6258,1
4196,1
4873,1
6115,1
5604,1
6370,1
6546,1
6188,1
6620,1
6438,1
6646,1
4077,1
5168,1
5876,1
3683,1
6870,1
4796,1
5440,1
5502,1
4374,1
4838,1
4338,1
4251,1
3648,1
6791,1
3626,1
6665,1
5110,1
6647,1
5756,1
6153,1
5885,1
3867,1
7028,1
3875,1
7145,1
6526,1
4994,1
6199,1
5103,1
6653,1
5206,1
5074,1
4320,1
5941,1
5929,1
5810,1
5790,1
4650,1
6942,1
7172,1
5438,1
5299,1
6271,1
6221,1
5235,1
5828,1
5410,1
4168,1
5662,1
3826,1
5122,1
4389,1
5707,1
4397,1
4203,1
5741,1
5305,1
6030,1
4114,1
4707,1
4907,1
4930,1
5401,1
4214,1
3977,1
6240,1
4084,1
3972,1
5325,1
5342,1
5962,1
6050,1
5348,1
4054,1
3629,1
3908,1
6619,1
5566,1
5029,1
6215,1
4542,1
4055,1
5637,1
5803,1
7055,1
4831,1
4009,1
5088,1
5351,1
3630,1
3638,1
4423,1
6963,1
6468,1
4802,1
5477,1
5630,1
5063,1
7139,1
4654,1
5780,1
7046,1
5371,1
4360,1
3889,1
5307,1
5330,1
6924,1
4394,1
5989,1
4989,1
3729,1
7195,1
5004,1
4983,1
5133,1
4806,1
5231,1
6533,1
4342,1
5508,1
6792,1
3856,1
6189,1
6333,1
7094,1
5713,1
7023,1
4256,1
4418,1
6410,1
5571,1
5911,1
7107,1
5399,1
5576,1
3821,1
3922,1
5939,1
6865,1
6104,1
5232,1
5975,1
6316,1
6045,1
5725,1
4317,1
3715,1
7143,1
6903,1
5327,1
3800,1
5131,1
5668,1
4367,1
3759,1
3839,1
6847,1
4601,1
6953,1
4709,1
5363,1
4286,1
6623,1
4686,1
5079,1
6140,1
4411,1
4287,1
5859,1
5143,1
4676,1
5528,1
6754,1
3728,1
4481,1
6393,1
6097,1
5716,1
6550,1
4751,1
4226,1
4752,1
6363,1
5715,1
3777,1
5331,1
5056,1
3668,1
6254,1
3909,1
5915,1
6388,1
4333,1
4049,1
3924,1
5991,1
6446,1
6235,1
6933,1
5334,1
4775,1
5721,1
6962,1
5618,1
6831,1
4737,1
5090,1
3950,1
4543,1
4395,1
6298,1
4275,1
6952,1
4658,1
5136,1
5493,1
5529,1
4562,1
5626,1
7007,1
3895,1
6364,1
7035,1
5759,1
6362,1
3892,1
6677,1
5059,1
6416,1
3852,1
3923,1
5548,1
6945,1
5115,1
5262,1
4257,1
4061,1
6383,1
5165,1
3636,1
4791,1
4498,1
3813,1
4442,1
5620,1
6454,1
5878,1
5017,1
5617,1
6183,1
6698,1
6061,1
3688,1
6475,1
5537,1
4010,1
5896,1
4793,1
7184,1
6975,1
5407,1
3862,1
6668,1
5019,1
7086,1
4536,1
5658,1
6622,1
5988,1
3866,1
4433,1
4443,1
5760,1
4909,1
4022,1
3823,1
5900,1
5354,1
4422,1
4176,1
6938,1
4273,1
6001,1
5543,1
4604,1
6323,1
4955,1
6108,1
4974,1
6191,1
6969,1
6880,1
6986,1
5225,1
6873,1
4170,1
3718,1
4623,1
4325,1
4385,1
4693,1
5053,1
5781,1
4136,1
4083,1
3749,1
4725,1
4828,1
6118,1
4115,1
6040,1
4351,1
7151,1
6955,1
6028,1
4995,1
4708,1
6415,1
4762,1
6337,1
5233,1
6704,1
3863,1
4592,1
4581,1
6225,1
5289,1
5701,1
5157,1
4464,1
6472,1
4715,1
6716,1
6443,1
5167,1
3930,1
6299,1
6685,1
6159,1
3978,1
6233,1
3877,1
6297,1
6595,1
6006,1
5211,1
6545,1
4910,1
5663,1
4615,1
3973,1
3780,1
6790,1
4750,1
6736,1
4761,1
6007,1
6560,1
3873,1
5010,1
4759,1
5779,1
4765,1
4366,1
6923,1
6811,1
4281,1
5650,1
6231,1
7115,1
5773,1
7199,1
5116,1
5094,1
4124,1
5499,1
4173,1
4914,1
4943,1
5740,1
4131,1
6675,1
4303,1
4622,1
5678,1
7058,1
6399,1
4928,1
6217,1
6485,1
6853,1
6531,1
6914,1
3635,1
6564,1
5428,1
6655,1
6946,1
4520,1
5643,1
6497,1
5045,1
5818,1
4175,1
4370,1
4268,1
5594,1
5471,1
5517,1
6102,1
4102,1
4069,1
6138,1
5293,1
3671,1
6044,1
5239,1
4023,1
4690,1
3815,1
3662,1
3999,1
5909,1
5865,1
5730,1
5353,1
6922,1
4126,1
4666,1
6875,1
5820,1
4608,1
6422,1
4988,1
4816,1
4012,1
5778,1
4493,1
3784,1
6280,1
5381,1
5452,1
6290,1
4282,1
4721,1
5564,1
4560,1
5367,1
3764,1
3619,1
5969,1
4790,1
5292,1
6774,1
6936,1
6431,1
4531,1
4398,1
5611,1
6733,1
6060,1
4039,1
5011,1
4525,1
5575,1
4339,1
6592,1
4548,1
6553,1
3750,1
5188,1
3844,1
3906,1
6727,1
6781,1
5427,1
5194,1
5784,1
5754,1
6429,1
5320,1
5948,1
5380,1
3701,1
6331,1
6413,1
5083,1
4697,1
7105,1
4165,1
5183,1
6999,1
4835,1
6631,1
5507,1
4217,1
4842,1
6876,1
6109,1
4510,1
3974,1
5963,1
4116,1
6099,1
6354,1
4476,1
5352,1
4619,1
6015,1
3914,1
6198,1
4004,1
7048,1
4078,1
6025,1
5108,1
5897,1
4050,1
5378,1
4547,1
6101,1
4634,1
6543,1
6861,1
4306,1
6106,1
4265,1
4999,1
5432,1
4298,1
6168,1
4528,1
6023,1
5710,1
5368,1
4147,1
4606,1
4968,1
6426,1
6369,1
5734,1
4105,1
5201,1
4571,1
5687,1
6346,1
6157,1
4197,1
6084,1
3763,1
6896,1
7072,1
7049,1
5329,1
6806,1
5359,1
7166,1
5836,1
5605,1
4718,1
4259,1
4998,1
6743,1
6772,1
5738,1
7146,1
6591,1
6849,1
6401,1
4741,1
6505,1
5798,1
5743,1
5196,1
3786,1
5238,1
4616,1
5357,1
5034,1
6601,1
4035,1
7066,1
3881,1
6213,1
5683,1
7071,1
3672,1
3970,1
6489,1
3775,1
6707,1
5763,1
4284,1
6797,1
6265,1
5808,1
5152,1
4092,1
3925,1
3992,1
3716,1
6343,1
6285,1
6448,1
6821,1
6662,1
6022,1
5647,1
6038,1
3666,1
5801,1
4586,1
5615,1
6417,1
3674,1
6987,1
3902,1
4625,1
5448,1
5926,1
4677,1
6615,1
7134,1
5355,1
6556,1
4726,1
6572,1
5025,1
3916,1
3600,1
5916,1
4368,1
6201,1
6730,1
4882,1
4872,1
4753,1
6436,1
6165,1
5109,1
3809,1
6731,1
6478,1
5501,1
6518,1
6236,1
4185,1
6642,1
6259,1
6086,1
5825,1
5229,1
5285,1
5266,1
6951,1
4776,1
5369,1
6968,1
6787,1
6744,1
4579,1
5306,1
5396,1
4478,1
4052,1
4272,1
4026,1
4243,1
6982,1
4899,1
3995,1
4103,1
6479,1
5123,1
5020,1
4419,1
5913,1
4112,1
3857,1
4847,1
4341,1
6408,1
6725,1
6220,1
5039,1
7177,1
4405,1
5142,1
3954,1
3623,1
4595,1
5622,1
6214,1
4297,1
3912,1
6141,1
4221,1
3933,1
6523,1
5486,1
6447,1
4567,1
6349,1
5134,1
3956,1
6815,1
6610,1
4067,1
5940,1
6292,1
6913,1
3983,1
4191,1
6611,1
4065,1
6941,1
6281,1
4450,1
3801,1
6467,1
4093,1
4072,1
6893,1
4462,1
6947,1
3990,1
5920,1
4952,1
5340,1
4465,1
6768,1
3665,1
5636,1
4620,1
4107,1
4856,1
6599,1
3882,1
4201,1
5311,1
6418,1
6931,1
5082,1
3858,1
6741,1
5016,1
5625,1
6563,1
6283,1
6640,1
4767,1
5772,1
5854,1
4331,1
4877,1
6397,1
5661,1
4231,1
5680,1
5690,1
6486,1
5483,1
4100,1
5106,1
4218,1
4431,1
5421,1
5653,1
5425,1
4951,1
4230,1
7080,1
6557,1
3848,1
6223,1
5747,1
7150,1
3919,1
4583,1
3618,1
6959,1
4905,1
5494,1
4890,1
5423,1
4927,1
6594,1
5375,1
5247,1
4612,1
4824,1
6961,1
4242,1
6970,1
5385,1
5177,1
7078,1
4386,1
6052,1
5317,1
5744,1
3829,1
5000,1
4460,1
7043,1
5551,1
4732,1
6195,1
4305,1
4748,1
5858,1
5058,1
3642,1
5819,1
4327,1
5987,1
7082,1
3874,1
3804,1
3994,1
4614,1
4902,1
3900,1
4427,1
4805,1
6879,1
4162,1
3653,1
6819,1
5950,1
4248,1
4754,1
3723,1
5028,1
5326,1
5434,1
3888,1
5224,1
4800,1
4807,1
4867,1
4599,1
4550,1
5553,1
4420,1
5791,1
5523,1
5651,1
4506,1
4019,1
5406,1
4104,1
6269,1
6367,1
6793,1
4809,1
7025,1
5752,1
3743,1
5057,1
4340,1
5400,1
5665,1
5469,1
4299,1
5807,1
6208,1
6012,1
7027,1
5490,1
5096,1
4428,1
6983,1
6807,1
6068,1
5178,1
5006,1
4530,1
6488,1
3767,1
4122,1
3602,1
3673,1
3831,1
6789,1
4815,1
5811,1
6196,1
4629,1
5927,1
5335,1
6161,1
6203,1
4904,1
5345,1
3646,1
3942,1
4522,1
5821,1
5033,1
5431,1
5679,1
3911,1
6612,1
4070,1
3751,1
5822,1
4090,1
5970,1
4987,1
6242,1
6596,1
5060,1
5638,1
5277,1
6377,1
5492,1
5297,1
5455,1
3818,1
4247,1
3615,1
6421,1
3793,1
5128,1
5257,1
5884,1
5256,1
3783,1
6782,1
5930,1
4788,1
6293,1
6434,1
3770,1
4220,1
5104,1
6260,1
4970,1
6696,1
3611,1
3836,1
6763,1
4933,1
4469,1
6075,1
6978,1
5554,1
4840,1
6654,1
4958,1
6340,1
3678,1
6282,1
4209,1
4688,1
5402,1
6997,1
3932,1
5786,1
6186,1
3927,1
6024,1
5579,1
4278,1
4598,1
5042,1
6328,1
4377,1
6093,1
5628,1
5049,1
6123,1
5753,1
3754,1
5949,1
4332,1
5155,1
5775,1
5099,1
7077,1
6321,1
3660,1
4903,1
6502,1
6275,1
4155,1
5092,1
5044,1
4683,1
6385,1
6326,1
7052,1
7135,1
3700,1
3982,1
4002,1
5951,1
3976,1
6628,1
5112,1
4857,1
3910,1
5195,1
6209,1
6643,1
5835,1
5212,1
4441,1
6927,1
6419,1
7125,1
6538,1
7061,1
6985,1
5542,1
5578,1
4985,1
6473,1
4926,1
6144,1
5265,1
5373,1
4808,1
4712,1
4335,1
4534,1
4979,1
4799,1
5328,1
6899,1
4315,1
4166,1
6864,1
4171,1
5420,1
7181,1
7183,1
5071,1
5905,1
5202,1
6940,1
4424,1
5346,1
6315,1
7011,1
4456,1
6396,1
6738,1
3779,1
4283,1
4636,1
3748,1
5655,1
5102,1
5426,1
5879,1
7168,1
4028,1
5892,1
4960,1
4733,1
5844,1
6714,1
6382,1
5324,1
6243,1
4235,1
4480,1
6509,1
4834,1
3782,1
6173,1
6568,1
6761,1
5461,1
5119,1
4557,1
6585,1
5624,1
6992,1
5174,1
5601,1
4182,1
4589,1
5280,1
6988,1
6197,1
4429,1
6147,1
4632,1
6747,1
4582,1
6994,1
4222,1
4279,1
4390,1
4812,1
7064,1
6681,1
7075,1
6341,1
4177,1
3998,1
6003,1
6871,1
4641,1
4738,1
6452,1
6122,1
6771,1
5938,1
3963,1
6958,1
6825,1
6284,1
3814,1
4414,1
6261,1
4451,1
5974,1
4396,1
5874,1
6312,1
4224,1
6868,1
5851,1
6239,1
4119,1
4150,1
4486,1
6378,1
3834,1
4206,1
5137,1
3758,1
5585,1
6398,1
5160,1
6877,1
5686,1
6113,1
6079,1
5547,1
5597,1
5646,1
5184,1
4887,1
6150,1
6900,1
5952,1
6569,1
6090,1
5999,1
5654,1
5699,1
5332,1
4348,1
6332,1
4735,1
5073,1
4436,1
5263,1
4649,1
3633,1
4497,1
5706,1
4200,1
3943,1
5965,1
5361,1
5129,1
5414,1
4404,1
4861,1
4727,1
4323,1
5312,1
6368,1
4668,1
7008,1
7142,1
5726,1
4948,1
6672,1
4511,1
6427,1
6103,1
3744,1
6065,1
6058,1
4743,1
6639,1
6034,1
7126,1
4940,1
5365,1
6590,1
6602,1
5226,1
4156,1
5931,1
3828,1
4007,1
4669,1
4375,1
4874,1
7169,1
5546,1
7036,1
3610,1
5370,1
3947,1
4356,1
4211,1
4059,1
5127,1
5208,1
4575,1
6249,1
3679,1
4642,1
6758,1
4643,1
5694,1
6305,1
5027,1
7194,1
5086,1
4467,1
5141,1
6904,1
7173,1
5162,1
4845,1
3832,1
5213,1
5264,1
4821,1
6516,1
4161,1
6439,1
4691,1
4434,1
4814,1
4884,1
4453,1
4519,1
6917,1
4128,1
4005,1
6279,1
3944,1
4870,1
3837,1
5868,1
6686,1
6403,1
7099,1
6886,1
4088,1
6046,1
4976,1
3789,1
7070,1
4269,1
5186,1
4545,1
3734,1
6503,1
4945,1
4204,1
7123,1
6800,1
7130,1
3795,1
5873,1
6325,1
7015,1
3846,1
5488,1
3935,1
6856,1
4810,1
4760,1
6786,1
5350,1
6482,1
3621,1
4853,1
5919,1
3849,1
4364,1
6902,1
6895,1
6035,1
5482,1
6289,1
5391,1
6105,1
4291,1
6834,1
4459,1
6465,1
5912,1
7124,1
4143,1
4876,1
7178,1
3825,1
6392,1
6296,1
6529,1
5055,1
5957,1
5556,1
4011,1
6066,1
6784,1
5800,1
5755,1
6616,1
3842,1
5064,1
5159,1
3710,1
4637,1
4851,1
5495,1
4190,1
4888,1
4158,1
4471,1
5737,1
4311,1
6909,1
7161,1
5664,1
4702,1
6278,1
6527,1
6867,1
3939,1
5240,1
3682,1
5727,1
4684,1
4554,1
6605,1
4421,1
6405,1
5708,1
4518,1
4551,1
4728,1
3841,1
4246,1
4580,1
4532,1
5283,1
5153,1
4917,1
4779,1
5824,1
6287,1
4361,1
3885,1
6248,1
6680,1
4848,1
6172,1
3960,1
3806,1
6954,1
3893,1
4075,1
6514,1
4915,1
3656,1
5179,1
6166,1
4373,1
3625,1
3962,1
6228,1
5557,1
5603,1
6897,1
6764,1
4447,1
5236,1
5669,1
7050,1
5714,1
6158,1
3620,1
5792,1
5222,1
5005,1
5901,1
3760,1
4202,1
5992,1
4825,1
4596,1
4603,1
5084,1
5619,1
5023,1
3776,1
6508,1
4153,1
5667,1
5172,1
6335,1
6688,1
6178,1
5500,1
5955,1
6578,1
6684,1
4695,1
4523,1
6224,1
6671,1
5024,1
4474,1
4121,1
6542,1
4778,1
6112,1
5612,1
6110,1
4674,1
6171,1
4267,1
5228,1
4746,1
5230,1
4391,1
4954,1
7059,1
6750,1
6406,1
4245,1
6624,1
3790,1
4939,1
7197,1
7162,1
4051,1
7111,1
4234,1
7095,1
4826,1
6734,1
5046,1
5717,1
5514,1
5411,1
6555,1
4034,1
4292,1
7018,1
5834,1
6606,1
5937,1
5861,1
6848,1
5739,1
4929,1
6469,1
5308,1
5510,1
4858,1
4025,1
6908,1
5030,1
4307,1
5555,1
5302,1
4849,1
5522,1
5648,1
4148,1
4017,1
4859,1
4671,1
4843,1
4792,1
4516,1
5833,1
5037,1
6633,1
4336,1
4400,1
5877,1
4091,1
7051,1
4883,1
4101,1
4353,1
4159,1
6666,1
6445,1
6194,1
5457,1
4784,1
6919,1
6180,1
7068,1
6648,1
3797,1
5675,1
6702,1
5569,1
6342,1
5130,1
5521,1
6577,1
5558,1
4314,1
6263,1
5696,1
5040,1
6152,1
6391,1
5942,1
4552,1
5902,1
6887,1
4935,1
4978,1
4633,1
6706,1
6862,1
4068,1
6715,1
5078,1
4038,1
5041,1
5924,1
6981,1
6319,1
6074,1
4921,1
6629,1
4798,1
5474,1
3996,1
4521,1
6353,1
3695,1
6334,1
5061,1
4611,1
4997,1
5627,1
7003,1
4212,1
4334,1
5572,1
6212,1
5513,1
5607,1
7160,1
5852,1
4031,1
3644,1
4565,1
5464,1
4416,1
5260,1
6480,1
4852,1
5185,1
4000,1
7136,1
5757,1
5990,1
6414,1
4110,1
6724,1
5994,1
3624,1
5559,1
3712,1
3704,1
4982,1
6053,1
6580,1
6798,1
4895,1
5124,1
4006,1
6823,1
5341,1
4781,1
5983,1
5688,1
5608,1
6324,1
6932,1
5505,1
7163,1
4295,1
5768,1
4540,1
5450,1
4473,1
5465,1
5944,1
6064,1
6651,1
4667,1
5451,1
6894,1
4549,1
4184,1
5789,1
4723,1
3985,1
3948,1
5252,1
5872,1
3850,1
5984,1
3896,1
5588,1
5001,1
6608,1
7037,1
4803,1
6510,1
4729,1
5227,1
3757,1
6598,1
6490,1
4512,1
5377,1
4354,1
3859,1
4795,1
6884,1
4503,1
5436,1
5671,1
3833,1
6584,1
7016,1
5339,1
5539,1
5151,1
4047,1
5946,1
5258,1
6566,1
6005,1
5417,1
4073,1
5704,1
5374,1
7087,1
6929,1
6276,1
4470,1
6570,1
