2532
2903
0930
3051
2926
2101
1539
1894
0105
0378
3171
2723
0651
3284
0648
0761
2741
2782
1408
1284
1192
2445
3388
2773
1178
2107
2414
2996
2027
2276
0112
1199
1948
0247
3569
0498
3495
2566
0628
2486
0164
2991
2386
1937
2798
2003
0062
3071
0601
0342
3354
2542
3215
2252
2557
2156
3304
3262
0167
1627
2670
2943
2675
2619
1990
0998
0034
2211
0969
1511
1003
2312
1567
1274
2327
2629
2998
3494
0354
0980
3267
3368
0400
2505
2142
2041
1882
2347
3451
1273
2678
2597
3404
3006
3068
0163
0233
2630
1818
2453
1608
0622
2006
1760
0404
0144
1320
1588
0229
0679
0056
3016
2270
0523
1953
0114
2369
3443
2715
1225
0001
2320
0302
0365
3094
1015
2939
1775
1083
0561
0921
2897
2163
1048
1706
3362
2289
0720
0609
3043
3385
3595
0373
2241
2412
1585
1034
3358
3578
1129
0614
2559
2684
3216
2323
2823
1422
1958
1563
2725
1551
3550
2869
0893
2649
3165
0940
0982
0423
3571
0151
2880
1368
1482
1393
2394
1823
2959
1074
0971
3010
1004
1404
1966
0678
2384
0072
0116
0831
2948
0558
0932
1200
2867
1419
2643
2290
2803
0431
0594
2719
0036
3035
0740
3572
2446
1309
0842
1541
1234
0182
1451
0827
0962
1964
2753
2614
0281
3295
2712
2950
3559
0172
3175
0787
1183
0903
1697
1568
0815
1259
1455
2732
1442
0783
2493
0086
0186
0928
0723
2274
2922
1107
0311
2467
1063
0361
3106
3019
2088
2583
2219
1088
2515
1143
1791
1652
2766
1374
2430
2179
3197
2984
3369
1287
0310
2985
1508
2740
2479
1152
0949
0324
1112
2355
2625
2147
1807
2164
0350
2078
0459
2484
0770
1488
0766
1861
2447
3279
0178
2572
2124
2195
2026
1279
2007
1425
1184
1272
2923
2458
0983
2808
2422
0612
1167
3102
1769
0835
2612
0706
2878
2143
3191
1336
2815
3590
0756
3174
1221
3129
1125
0184
0088
1483
0316
0538
0149
1746
3561
1461
3248
2234
1207
1924
0159
2328
1069
2518
1935
0960
1329
2844
1757
2696
0620
1211
1806
2229
2371
1008
2177
3536
1988
2194
1516
0845
2099
0109
2221
1852
2423
0673
3461
2710
0383
3172
1899
2979
2002
3374
0401
1954
2568
0697
3505
2555
1160
1905
2262
0024
3084
1493
0128
3375
1765
1457
0803
2038
0235
3189
0016
1081
1463
0473
1226
2417
0015
2781
3597
1055
1302
1103
0646
1943
1330
3015
3347
0179
0030
0033
0777
0683
1109
2544
0257
2225
2522
2812
2671
2173
1133
1198
1406
0668
0407
2005
0177
2677
1238
1317
0074
3150
3459
2126
2389
1022
1311
0733
2094
0376
3131
1499
2266
0652
1383
2721
1883
0108
0775
1140
2945
0441
0698
3158
0863
0065
3280
3153
2831
0410
0619
1476
3028
2278
1624
0606
2343
1477
0274
1079
3475
0867
0385
0922
2659
1956
1304
2622
1612
3379
1288
2137
0433
1282
2762
0873
3372
1431
0847
0469
2581
0512
1895
2399
2282
0044
3341
1342
0483
2198
3581
0513
1781
0811
0197
1669
2083
1242
2139
2561
0851
1297
3276
2682
3477
1731
3482
2090
1215
2872
0244
2995
0505
1636
1767
3143
0066
1734
2927
1997
2634
3075
3355
2791
1733
1394
0728
0238
1528
1712
1378
2735
1471
0824
3557
0212
2905
0491
1348
0935
0312
0392
0049
1307
2377
0957
2265
2069
2992
3511
2908
1908
1286
2186
1975
2086
1774
1626
1043
1639
3065
2230
1188
0419
2627
3190
1796
2279
2406
3336
2793
2964
0642
0996
0623
3196
0183
0570
0738
0252
2775
1054
0474
0886
0769
3530
0767
0645
2829
0800
1474
3005
0833
2510
2879
3436
3352
0160
3381
2558
0764
1692
1884
1437
3161
1868
0665
1555
2444
2331
2461
0608
1257
1503
0263
1689
1387
0213
3299
1584
2383
1385
1283
3415
2309
1946
1741
0000
1095
3061
1752
1335
2054
0797
1843
1824
1497
2663
2827
1959
2599
0714
3020
1351
0314
1574
2693
0577
1753
1849
2181
0611
0154
1524
0405
2316
0275
2966
2285
0334
1019
3391
2603
1032
0774
2071
2690
2072
3296
2847
3134
1205
3124
1914
0369
0604
1261
0226
3288
0536
2407
1969
2810
2466
3203
0909
0822
3212
3397
0751
1617
3423
3042
0995
2313
2918
1766
3552
0653
0273
3317
3486
0669
2058
1860
3323
2153
2978
3329
0029
0231
1773
0802
1057
2106
0060
1370
0584
0621
2591
1784
1962
2340
1210
3387
1047
0053
1763
2256
1127
0742
3125
1552
1382
0912
3167
2390
3144
1704
2110
1590
2062
1389
1267
0814
3127
1874
3163
1230
0663
2571
1611
2724
0602
0158
2428
3253
3452
3198
0717
2562
0657
1827
2051
0456
2341
0699
0884
1708
0211
2970
0829
3256
1976
0565
1411
3403
3086
1441
0236
1007
0292
2210
1602
3363
0101
0308
2818
2958
0878
1460
3337
1724
0232
1400
3096
2012
1306
3226
1328
2613
1191
3507
1123
2595
3386
1939
2468
1647
2789
2113
0123
3333
3066
0156
0500
2990
0143
0396
0096
0309
1102
3526
0556
1912
2541
1886
2123
2864
0566
0493
1922
3462
2540
1910
1345
1850
1536
3435
0339
2044
2326
1572
1138
0305
2502
1506
2391
0384
1560
0165
2268
1093
2977
1339
0871
2017
1687
1177
2882
0891
2799
1979
3471
1417
0245
1505
0870
0881
1290
2200
0715
1011
2441
0228
0860
2729
0118
2598
2636
0693
0258
2490
2633
0967
2180
0447
2348
0519
0148
2138
1947
0153
3382
2065
0806
0659
0394
0323
1845
2346
2993
1067
1128
0435
2639
1512
0200
0603
0709
0798
2024
0180
2136
3091
1280
1726
1780
3193
3314
1000
2552
1821
1446
1479
3297
2547
0100
1802
3535
1834
2432
2635
3421
1264
3219
1547
2388
1314
2543
2152
0951
3176
3121
1299
1399
0880
0215
1071
3231
0528
2768
2737
1473
3141
0984
1090
1728
2236
0026
1454
1835
2628
2705
2933
2324
3308
0290
2834
3464
2492
0025
1739
3533
1405
3470
1494
1401
0510
2838
1533
0853
1053
3346
2272
0638
2951
0306
1276
2140
3392
1699
1638
2047
2159
1203
0856
0157
3434
0454
0543
1051
1327
2865
1315
2079
2767
2018
2620
0488
2178
3293
0522
0208
2503
1014
3247
2911
2457
1458
3187
0225
3206
2550
0727
0667
1595
3564
1155
2350
2931
3427
0918
2374
1840
3545
1836
0555
0218
2848
0789
2375
1021
0461
3478
2758
2942
2191
2469
2769
1033
1848
2192
1820
0262
2450
2497
1743
0987
2994
0705
3313
1996
0719
2953
1693
3221
1713
1141
6132
6503
4530
6651
6526
5701
5139
5494
3705
3978
6771
6323
4251
6884
4248
4361
6341
6382
5008
4884
4792
6045
6988
6373
4778
5707
6014
6596
5627
5876
3712
4799
5548
3847
7169
4098
7095
6166
4228
6086
3764
6591
5986
5537
6398
5603
3662
6671
4201
3942
6954
6142
6815
5852
6157
5756
6904
6862
3767
5227
6270
6543
6275
6219
5590
4598
3634
5811
4569
5111
4603
5912
5167
4874
5927
6229
6598
7094
3954
4580
6867
6968
4000
6105
5742
5641
5482
5947
7051
4873
6278
6197
7004
6606
6668
3763
3833
6230
5418
6053
5208
4222
5606
5360
4004
3744
4920
5188
3829
4279
3656
6616
5870
4123
5553
3714
5969
7043
6315
4825
3601
5920
3902
3965
6694
4615
6539
5375
4683
4161
4521
6497
5763
4648
5306
6962
5889
4320
4209
6643
6985
7195
3973
5841
6012
5185
4634
6958
7178
4729
4214
6159
6284
6816
5923
6423
5022
5558
5163
6325
5151
7150
6469
4493
6249
6765
4540
4582
4023
7171
3751
6480
4968
5082
4993
5994
5423
6559
4674
4571
6610
4604
5004
5566
4278
5984
3672
3716
4431
6548
4158
4532
4800
6467
5019
6243
5890
6403
4031
4194
6319
3636
6635
4340
7172
6046
4909
4442
5141
4834
3782
5051
4427
4562
5564
6353
6214
3881
6895
6312
6550
7159
3772
6775
4387
4783
4503
5297
5168
4415
4859
5055
6332
5042
4383
6093
3686
3786
4528
4323
5874
6522
4707
3911
6067
4663
3961
6706
6619
5688
6183
5819
4688
6115
4743
5391
5252
6366
4974
6030
5779
6797
6584
6969
4887
3910
6585
5108
6340
6079
4752
4549
3924
4712
5955
6225
5747
5407
5764
3950
5678
4059
6084
4370
5088
4366
5461
6047
6879
3778
6172
5724
5795
5626
4879
5607
5025
4784
4872
6523
6058
4583
6408
6022
4212
4767
6702
5369
4435
6212
4306
6478
5743
6791
4936
6415
7190
4356
6774
4821
6729
4725
3784
3688
5083
3916
4138
3749
5346
7161
5061
6848
5834
4807
5524
3759
5928
4669
6118
5535
4560
4929
6444
5357
6296
4220
4811
5406
5829
5971
4608
5777
7136
5588
5794
5116
4445
5699
3709
5821
5452
6023
4273
7061
6310
3983
6772
5499
6579
5602
6974
4001
5554
6168
4297
7105
6155
4760
5505
5862
3624
6684
5093
3728
6975
5365
5057
4403
5638
3835
6789
3616
4681
5063
4073
4826
6017
3615
6381
7197
4655
4902
4703
4246
5543
4930
6615
6947
3779
3630
3633
4377
4283
4709
6144
3857
5825
6122
6412
6271
5773
4733
4798
5006
4268
4007
5605
3777
6277
4838
4917
3674
6750
7059
5726
5989
4622
4911
4333
5694
3976
6731
5099
5866
4252
4983
6321
5483
3708
4375
4740
6545
4041
4298
6758
4463
3665
6880
6753
6431
4010
4219
5076
6628
5878
5224
4206
5943
5077
3874
4679
7075
4467
3985
4522
6259
5556
4904
6222
5212
6979
4888
5737
4033
4882
6362
4473
6972
5031
4447
4069
6181
4112
5495
5999
5882
3644
6941
4942
4083
5798
7181
4113
5381
4411
3797
5269
5683
4842
5739
6161
4451
4897
6876
6282
7077
5331
7082
5690
4815
6472
3844
6595
4105
5236
5367
6743
3666
5334
6527
5597
6234
6675
6955
6391
5333
4994
4328
3838
5128
5312
4978
6335
5071
4424
7157
3812
6505
4091
4948
4535
3912
3992
3649
4907
5977
4557
5865
5669
6592
7111
6508
5508
4886
5786
5575
5686
5374
5226
4643
5239
6665
5830
4788
4019
6227
6790
5396
5879
6006
6936
6393
6564
4242
4596
4223
6796
3783
4170
4338
3852
6375
4654
4074
4486
4369
7130
4367
4245
6429
4400
5074
6605
4433
6110
6479
7036
6952
3760
6981
6158
4364
5292
5484
5037
6761
5468
4265
5155
6044
5931
6061
4208
4857
5103
3863
5289
4987
3813
6899
5184
5983
4985
4883
7015
5909
5546
5341
3600
4695
6661
5352
4935
5654
4397
5443
5424
5097
6263
6427
5559
6199
4314
6620
4951
3914
5174
6293
4177
5353
5449
5781
4211
3754
5124
4005
5916
3875
6566
5885
3934
4619
6991
6203
4632
4374
5671
6290
5672
6896
6447
6734
4805
6724
5514
3969
4204
4861
3826
6888
4136
6007
5569
6410
6066
6803
4509
4422
6812
6997
4351
5217
7023
6642
4595
5913
6518
5366
7152
4253
3873
6917
7086
4269
5658
5460
6923
5753
6578
6929
3629
3831
5373
4402
4657
5706
3660
4970
4184
4221
6191
5384
5562
5940
4810
6987
4647
3653
5363
5856
4727
4342
6725
5152
4982
4512
6767
5990
6744
5304
5710
5190
5662
4989
4867
4414
6727
5474
6763
4830
4263
6171
5211
6324
4202
3758
6028
6853
7052
6798
4317
6162
4257
5427
5651
4056
5941
4299
4484
5308
3811
6570
4429
6856
5576
4165
5011
7003
6686
5041
3836
4607
3892
5810
5202
6963
3701
3908
6418
6558
4478
5060
6937
5324
3832
5000
6696
5612
4906
6826
4928
6213
4791
7107
4723
6195
6986
5539
6068
5247
6389
5713
3723
6933
6666
3756
4100
6590
3743
3996
3696
3909
4702
7126
4156
5512
6141
5486
5723
6464
4166
4093
5522
7062
6140
5510
4945
5450
5136
7035
3939
5644
5926
5172
4738
3905
6102
5106
5991
3984
5160
3765
5868
4693
6577
4939
4471
5617
5287
4777
6482
4491
6399
5579
7071
5017
3845
5105
4470
4481
4890
5800
4315
4611
6041
3828
4460
6329
3718
6198
6236
4293
3858
6090
6233
4567
5780
4047
5948
4119
3748
5738
5547
3753
6982
5665
4406
4259
3994
3923
5445
5946
6593
4667
4728
4035
6239
5112
3800
4203
4309
4398
5624
3780
5736
6691
4880
5326
5380
6793
6914
4600
6152
5421
5046
5079
6897
6147
3700
5402
7135
5434
6032
6235
7021
4864
6819
5147
5988
4914
6143
5752
4551
6776
6721
4899
4999
4480
3815
4671
6831
4128
6368
6337
5073
6741
4584
4690
5328
5836
3626
5054
5435
6228
6305
6533
5924
6908
3890
6434
7064
6092
3625
5339
7133
5005
7070
5094
5001
4110
6438
5133
4453
4653
6946
5872
4238
6551
3906
4876
5740
6992
5299
5238
5647
5759
4803
4456
3757
7034
4054
4143
4651
4927
6465
4915
5679
6367
5618
6220
4088
5778
6893
4122
3808
6103
4614
6847
6511
6057
5058
6787
3825
6806
6150
4327
4267
5195
7164
4755
5950
6531
7027
4518
5974
5440
7145
5436
4155
3818
6448
4389
5975
4621
4061
7078
6358
6542
5791
6069
6369
4633
5448
5792
5420
3862
6050
6097
5343
4587
6594
4305
6913
5596
4319
6553
5293
6821
5313
4741
