2532,0
2903,0
0930,0
3051,0
2926,0
2101,0
1539,0
1894,0
0105,0
0378,0
3171,0
2723,0
0651,0
3284,0
0648,0
0761,0
2741,0
2782,0
1408,0
1284,0
1192,0
2445,0
3388,0
2773,0
1178,0
2107,0
2414,0
2996,0
2027,0
2276,0
0112,0
1199,0
1948,0
0247,0
3569,0
0498,0
3495,0
2566,0
0628,0
2486,0
0164,0
2991,0
2386,0
1937,0
2798,0
2003,0
0062,0
3071,0
0601,0
0342,0
3354,0
2542,0
3215,0
2252,0
2557,0
2156,0
3304,0
3262,0
0167,0
1627,0
2670,0
2943,0
2675,0
2619,0
1990,0
0998,0
0034,0
2211,0
0969,0
1511,0
1003,0
2312,0
1567,0
1274,0
2327,0
2629,0
2998,0
3494,0
0354,0
0980,0
3267,0
3368,0
0400,0
2505,0
2142,0
2041,0
1882,0
2347,0
3451,0
1273,0
2678,0
2597,0
3404,0
3006,0
3068,0
0163,0
0233,0
2630,0
1818,0
2453,0
1608,0
0622,0
2006,0
1760,0
0404,0
0144,0
1320,0
1588,0
0229,0
0679,0
0056,0
3016,0
2270,0
0523,0
1953,0
0114,0
2369,0
3443,0
2715,0
1225,0
0001,0
2320,0
0302,0
0365,0
3094,0
1015,0
2939,0
1775,0
1083,0
0561,0
0921,0
2897,0
2163,0
1048,0
1706,0
3362,0
2289,0
0720,0
0609,0
3043,0
3385,0
3595,0
0373,0
2241,0
2412,0
1585,0
1034,0
3358,0
3578,0
1129,0
0614,0
2559,0
2684,0
3216,0
2323,0
2823,0
1422,0
1958,0
1563,0
2725,0
1551,0
3550,0
2869,0
0893,0
2649,0
3165,0
0940,0
0982,0
0423,0
3571,0
0151,0
2880,0
1368,0
1482,0
1393,0
2394,0
1823,0
2959,0
1074,0
0971,0
3010,0
1004,0
1404,0
1966,0
0678,0
2384,0
0072,0
0116,0
0831,0
2948,0
0558,0
0932,0
1200,0
2867,0
1419,0
2643,0
2290,0
2803,0
0431,0
0594,0
2719,0
0036,0
3035,0
0740,0
3572,0
2446,0
1309,0
0842,0
1541,0
1234,0
0182,0
1451,0
0827,0
0962,0
1964,0
2753,0
2614,0
0281,0
3295,0
2712,0
2950,0
3559,0
0172,0
3175,0
0787,0
1183,0
0903,0
1697,0
1568,0
0815,0
1259,0
1455,0
2732,0
1442,0
0783,0
2493,0
0086,0
0186,0
0928,0
0723,0
2274,0
2922,0
1107,0
0311,0
2467,0
1063,0
0361,0
3106,0
3019,0
2088,0
2583,0
2219,0
1088,0
2515,0
1143,0
1791,0
1652,0
2766,0
1374,0
2430,0
2179,0
3197,0
2984,0
3369,0
1287,0
0310,0
2985,0
1508,0
2740,0
2479,0
1152,0
0949,0
0324,0
1112,0
2355,0
2625,0
2147,0
1807,0
2164,0
0350,0
2078,0
0459,0
2484,0
0770,0
1488,0
0766,0
1861,0
2447,0
3279,0
0178,0
2572,0
2124,0
2195,0
2026,0
1279,0
2007,0
1425,0
1184,0
1272,0
2923,0
2458,0
0983,0
2808,0
2422,0
0612,0
1167,0
3102,0
1769,0
0835,0
2612,0
0706,0
2878,0
2143,0
3191,0
1336,0
2815,0
3590,0
0756,0
3174,0
1221,0
3129,0
1125,0
0184,0
0088,0
1483,0
0316,0
0538,0
0149,0
1746,0
3561,0
1461,0
3248,0
2234,0
1207,0
1924,0
0159,0
2328,0
1069,0
2518,0
1935,0
0960,0
1329,0
2844,0
1757,0
2696,0
0620,0
1211,0
1806,0
2229,0
2371,0
1008,0
2177,0
3536,0
1988,0
2194,0
1516,0
0845,0
2099,0
0109,0
2221,0
1852,0
2423,0
0673,0
3461,0
2710,0
0383,0
3172,0
1899,0
2979,0
2002,0
3374,0
0401,0
1954,0
2568,0
0697,0
3505,0
2555,0
1160,0
1905,0
2262,0
0024,0
3084,0
1493,0
0128,0
3375,0
1765,0
1457,0
0803,0
2038,0
0235,0
3189,0
0016,0
1081,0
1463,0
0473,0
1226,0
2417,0
0015,0
2781,0
3597,0
1055,0
1302,0
1103,0
0646,0
1943,0
1330,0
3015,0
3347,0
0179,0
0030,0
0033,0
0777,0
0683,0
1109,0
2544,0
0257,0
2225,0
2522,0
2812,0
2671,0
2173,0
1133,0
1198,0
1406,0
0668,0
0407,0
2005,0
0177,0
2677,0
1238,0
1317,0
0074,0
3150,0
3459,0
2126,0
2389,0
1022,0
1311,0
0733,0
2094,0
0376,0
3131,0
1499,0
2266,0
0652,0
1383,0
2721,0
1883,0
0108,0
0775,0
1140,0
2945,0
0441,0
0698,0
3158,0
0863,0
0065,0
3280,0
3153,0
2831,0
0410,0
0619,0
1476,0
3028,0
2278,0
1624,0
0606,0
2343,0
1477,0
0274,0
1079,0
3475,0
0867,0
0385,0
0922,0
2659,0
1956,0
1304,0
2622,0
1612,0
3379,0
1288,0
2137,0
0433,0
1282,0
2762,0
0873,0
3372,0
1431,0
0847,0
0469,0
2581,0
0512,0
1895,0
2399,0
2282,0
0044,0
3341,0
1342,0
0483,0
2198,0
3581,0
0513,0
1781,0
0811,0
0197,0
1669,0
2083,0
1242,0
2139,0
2561,0
0851,0
1297,0
3276,0
2682,0
3477,0
1731,0
3482,0
2090,0
1215,0
2872,0
0244,0
2995,0
0505,0
1636,0
1767,0
3143,0
0066,0
1734,0
2927,0
1997,0
2634,0
3075,0
3355,0
2791,0
1733,0
1394,0
0728,0
0238,0
1528,0
1712,0
1378,0
2735,0
1471,0
0824,0
3557,0
0212,0
2905,0
0491,0
1348,0
0935,0
0312,0
0392,0
0049,0
1307,0
2377,0
0957,0
2265,0
2069,0
2992,0
3511,0
2908,0
1908,0
1286,0
2186,0
1975,0
2086,0
1774,0
1626,0
1043,0
1639,0
3065,0
2230,0
1188,0
0419,0
2627,0
3190,0
1796,0
2279,0
2406,0
3336,0
2793,0
2964,0
0642,0
0996,0
0623,0
3196,0
0183,0
0570,0
0738,0
0252,0
2775,0
1054,0
0474,0
0886,0
0769,0
3530,0
0767,0
0645,0
2829,0
0800,0
1474,0
3005,0
0833,0
2510,0
2879,0
3436,0
3352,0
0160,0
3381,0
2558,0
0764,0
1692,0
1884,0
1437,0
3161,0
1868,0
0665,0
1555,0
2444,0
2331,0
2461,0
0608,0
1257,0
1503,0
0263,0
1689,0
1387,0
0213,0
3299,0
1584,0
2383,0
1385,0
1283,0
3415,0
2309,0
1946,0
1741,0
0000,0
1095,0
3061,0
1752,0
1335,0
2054,0
0797,0
1843,0
1824,0
1497,0
2663,0
2827,0
1959,0
2599,0
0714,0
3020,0
1351,0
0314,0
1574,0
2693,0
0577,0
1753,0
1849,0
2181,0
0611,0
0154,0
1524,0
0405,0
2316,0
0275,0
2966,0
2285,0
0334,0
1019,0
3391,0
2603,0
1032,0
0774,0
2071,0
2690,0
2072,0
3296,0
2847,0
3134,0
1205,0
3124,0
1914,0
0369,0
0604,0
1261,0
0226,0
3288,0
0536,0
2407,0
1969,0
2810,0
2466,0
3203,0
0909,0
0822,0
3212,0
3397,0
0751,0
1617,0
3423,0
3042,0
0995,0
2313,0
2918,0
1766,0
3552,0
0653,0
0273,0
3317,0
3486,0
0669,0
2058,0
1860,0
3323,0
2153,0
2978,0
3329,0
0029,0
0231,0
1773,0
0802,0
1057,0
2106,0
0060,0
1370,0
0584,0
0621,0
2591,0
1784,0
1962,0
2340,0
1210,0
3387,0
1047,0
0053,0
1763,0
2256,0
1127,0
0742,0
3125,0
1552,0
1382,0
0912,0
3167,0
2390,0
3144,0
1704,0
2110,0
1590,0
2062,0
1389,0
1267,0
0814,0
3127,0
1874,0
3163,0
1230,0
0663,0
2571,0
1611,0
2724,0
0602,0
0158,0
2428,0
3253,0
3452,0
3198,0
0717,0
2562,0
0657,0
1827,0
2051,0
0456,0
2341,0
0699,0
0884,0
1708,0
0211,0
2970,0
0829,0
3256,0
1976,0
0565,0
1411,0
3403,0
3086,0
1441,0
0236,0
1007,0
0292,0
2210,0
1602,0
3363,0
0101,0
0308,0
2818,0
2958,0
0878,0
1460,0
3337,0
1724,0
0232,0
1400,0
3096,0
2012,0
1306,0
3226,0
1328,0
2613,0
1191,0
3507,0
1123,0
2595,0
3386,0
1939,0
2468,0
1647,0
2789,0
2113,0
0123,0
3333,0
3066,0
0156,0
0500,0
2990,0
0143,0
0396,0
0096,0
0309,0
1102,0
3526,0
0556,0
1912,0
2541,0
1886,0
2123,0
2864,0
0566,0
0493,0
1922,0
3462,0
2540,0
1910,0
1345,0
1850,0
1536,0
3435,0
0339,0
2044,0
2326,0
1572,0
1138,0
0305,0
2502,0
1506,0
2391,0
0384,0
1560,0
0165,0
2268,0
1093,0
2977,0
1339,0
0871,0
2017,0
1687,0
1177,0
2882,0
0891,0
2799,0
1979,0
3471,0
1417,0
0245,0
1505,0
0870,0
0881,0
1290,0
2200,0
0715,0
1011,0
2441,0
0228,0
0860,0
2729,0
0118,0
2598,0
2636,0
0693,0
0258,0
2490,0
2633,0
0967,0
2180,0
0447,0
2348,0
0519,0
0148,0
2138,0
1947,0
0153,0
3382,0
2065,0
0806,0
0659,0
0394,0
0323,0
1845,0
2346,0
2993,0
1067,0
1128,0
0435,0
2639,0
1512,0
0200,0
0603,0
0709,0
0798,0
2024,0
0180,0
2136,0
3091,0
1280,0
1726,0
1780,0
3193,0
3314,0
1000,0
2552,0
1821,0
1446,0
1479,0
3297,0
2547,0
0100,0
1802,0
3535,0
1834,0
2432,0
2635,0
3421,0
1264,0
3219,0
1547,0
2388,0
1314,0
2543,0
2152,0
0951,0
3176,0
3121,0
1299,0
1399,0
0880,0
0215,0
1071,0
3231,0
0528,0
2768,0
2737,0
1473,0
3141,0
0984,0
1090,0
1728,0
2236,0
0026,0
1454,0
1835,0
2628,0
2705,0
2933,0
2324,0
3308,0
0290,0
2834,0
3464,0
2492,0
0025,0
1739,0
3533,0
1405,0
3470,0
1494,0
1401,0
0510,0
2838,0
1533,0
0853,0
1053,0
3346,0
2272,0
0638,0
2951,0
0306,0
1276,0
2140,0
3392,0
1699,0
1638,0
2047,0
2159,0
1203,0
0856,0
0157,0
3434,0
0454,0
0543,0
1051,0
1327,0
2865,0
1315,0
2079,0
2767,0
2018,0
2620,0
0488,0
2178,0
3293,0
0522,0
0208,0
2503,0
1014,0
3247,0
2911,0
2457,0
1458,0
3187,0
0225,0
3206,0
2550,0
0727,0
0667,0
1595,0
3564,0
1155,0
2350,0
2931,0
3427,0
0918,0
2374,0
1840,0
3545,0
1836,0
0555,0
0218,0
2848,0
0789,0
2375,0
1021,0
0461,0
3478,0
2758,0
2942,0
2191,0
2469,0
2769,0
1033,0
1848,0
2192,0
1820,0
0262,0
2450,0
2497,0
1743,0
0987,0
2994,0
0705,0
3313,0
1996,0
0719,0
2953,0
1693,0
3221,0
1713,0
1141,0
6132,1
6503,1
4530,1
6651,1
6526,1
5701,1
5139,1
5494,1
3705,1
3978,1
6771,1
6323,1
4251,1
6884,1
4248,1
4361,1
6341,1
6382,1
5008,1
4884,1
4792,1
6045,1
6988,1
6373,1
4778,1
5707,1
6014,1
6596,1
5627,1
5876,1
3712,1
4799,1
5548,1
3847,1
7169,1
4098,1
7095,1
6166,1
4228,1
6086,1
3764,1
6591,1
5986,1
5537,1
6398,1
5603,1
3662,1
6671,1
4201,1
3942,1
6954,1
6142,1
6815,1
5852,1
6157,1
5756,1
6904,1
6862,1
3767,1
5227,1
6270,1
6543,1
6275,1
6219,1
5590,1
4598,1
3634,1
5811,1
4569,1
5111,1
4603,1
5912,1
5167,1
4874,1
5927,1
6229,1
6598,1
7094,1
3954,1
4580,1
6867,1
6968,1
4000,1
6105,1
5742,1
5641,1
5482,1
5947,1
7051,1
4873,1
6278,1
6197,1
7004,1
6606,1
6668,1
3763,1
3833,1
6230,1
5418,1
6053,1
5208,1
4222,1
5606,1
5360,1
4004,1
3744,1
4920,1
5188,1
3829,1
4279,1
3656,1
6616,1
5870,1
4123,1
5553,1
3714,1
5969,1
7043,1
6315,1
4825,1
3601,1
5920,1
3902,1
3965,1
6694,1
4615,1
6539,1
5375,1
4683,1
4161,1
4521,1
6497,1
5763,1
4648,1
5306,1
6962,1
5889,1
4320,1
4209,1
6643,1
6985,1
7195,1
3973,1
5841,1
6012,1
5185,1
4634,1
6958,1
7178,1
4729,1
4214,1
6159,1
6284,1
6816,1
5923,1
6423,1
5022,1
5558,1
5163,1
6325,1
5151,1
7150,1
6469,1
4493,1
6249,1
6765,1
4540,1
4582,1
4023,1
7171,1
3751,1
6480,1
4968,1
5082,1
4993,1
5994,1
5423,1
6559,1
4674,1
4571,1
6610,1
4604,1
5004,1
5566,1
4278,1
5984,1
3672,1
3716,1
4431,1
6548,1
4158,1
4532,1
4800,1
6467,1
5019,1
6243,1
5890,1
6403,1
4031,1
4194,1
6319,1
3636,1
6635,1
4340,1
7172,1
6046,1
4909,1
4442,1
5141,1
4834,1
3782,1
5051,1
4427,1
4562,1
5564,1
6353,1
6214,1
3881,1
6895,1
6312,1
6550,1
7159,1
3772,1
6775,1
4387,1
4783,1
4503,1
5297,1
5168,1
4415,1
4859,1
5055,1
6332,1
5042,1
4383,1
6093,1
3686,1
3786,1
4528,1
4323,1
5874,1
6522,1
4707,1
3911,1
6067,1
4663,1
3961,1
6706,1
6619,1
5688,1
6183,1
5819,1
4688,1
6115,1
4743,1
5391,1
5252,1
6366,1
4974,1
6030,1
5779,1
6797,1
6584,1
6969,1
4887,1
3910,1
6585,1
5108,1
6340,1
6079,1
4752,1
4549,1
3924,1
4712,1
5955,1
6225,1
5747,1
5407,1
5764,1
3950,1
5678,1
4059,1
6084,1
4370,1
5088,1
4366,1
5461,1
6047,1
6879,1
3778,1
6172,1
5724,1
5795,1
5626,1
4879,1
5607,1
5025,1
4784,1
4872,1
6523,1
6058,1
4583,1
6408,1
6022,1
4212,1
4767,1
6702,1
5369,1
4435,1
6212,1
4306,1
6478,1
5743,1
6791,1
4936,1
6415,1
7190,1
4356,1
6774,1
4821,1
6729,1
4725,1
3784,1
3688,1
5083,1
3916,1
4138,1
3749,1
5346,1
7161,1
5061,1
6848,1
5834,1
4807,1
5524,1
3759,1
5928,1
4669,1
6118,1
5535,1
4560,1
4929,1
6444,1
5357,1
6296,1
4220,1
4811,1
5406,1
5829,1
5971,1
4608,1
5777,1
7136,1
5588,1
5794,1
5116,1
4445,1
5699,1
3709,1
5821,1
5452,1
6023,1
4273,1
7061,1
6310,1
3983,1
6772,1
5499,1
6579,1
5602,1
6974,1
4001,1
5554,1
6168,1
4297,1
7105,1
6155,1
4760,1
5505,1
5862,1
3624,1
6684,1
5093,1
3728,1
6975,1
5365,1
5057,1
4403,1
5638,1
3835,1
6789,1
3616,1
4681,1
5063,1
4073,1
4826,1
6017,1
3615,1
6381,1
7197,1
4655,1
4902,1
4703,1
4246,1
5543,1
4930,1
6615,1
6947,1
3779,1
3630,1
3633,1
4377,1
4283,1
4709,1
6144,1
3857,1
5825,1
6122,1
6412,1
6271,1
5773,1
4733,1
4798,1
5006,1
4268,1
4007,1
5605,1
3777,1
6277,1
4838,1
4917,1
3674,1
6750,1
7059,1
5726,1
5989,1
4622,1
4911,1
4333,1
5694,1
3976,1
6731,1
5099,1
5866,1
4252,1
4983,1
6321,1
5483,1
3708,1
4375,1
4740,1
6545,1
4041,1
4298,1
6758,1
4463,1
3665,1
6880,1
6753,1
6431,1
4010,1
4219,1
5076,1
6628,1
5878,1
5224,1
4206,1
5943,1
5077,1
3874,1
4679,1
7075,1
4467,1
3985,1
4522,1
6259,1
5556,1
4904,1
6222,1
5212,1
6979,1
4888,1
5737,1
4033,1
4882,1
6362,1
4473,1
6972,1
5031,1
4447,1
4069,1
6181,1
4112,1
5495,1
5999,1
5882,1
3644,1
6941,1
4942,1
4083,1
5798,1
7181,1
4113,1
5381,1
4411,1
3797,1
5269,1
5683,1
4842,1
5739,1
6161,1
4451,1
4897,1
6876,1
6282,1
7077,1
5331,1
7082,1
5690,1
4815,1
6472,1
3844,1
6595,1
4105,1
5236,1
5367,1
6743,1
3666,1
5334,1
6527,1
5597,1
6234,1
6675,1
6955,1
6391,1
5333,1
4994,1
4328,1
3838,1
5128,1
5312,1
4978,1
6335,1
5071,1
4424,1
7157,1
3812,1
6505,1
4091,1
4948,1
4535,1
3912,1
3992,1
3649,1
4907,1
5977,1
4557,1
5865,1
5669,1
6592,1
7111,1
6508,1
5508,1
4886,1
5786,1
5575,1
5686,1
5374,1
5226,1
4643,1
5239,1
6665,1
5830,1
4788,1
4019,1
6227,1
6790,1
5396,1
5879,1
6006,1
6936,1
6393,1
6564,1
4242,1
4596,1
4223,1
6796,1
3783,1
4170,1
4338,1
3852,1
6375,1
4654,1
4074,1
4486,1
4369,1
7130,1
4367,1
4245,1
6429,1
4400,1
5074,1
6605,1
4433,1
6110,1
6479,1
7036,1
6952,1
3760,1
6981,1
6158,1
4364,1
5292,1
5484,1
5037,1
6761,1
5468,1
4265,1
5155,1
6044,1
5931,1
6061,1
4208,1
4857,1
5103,1
3863,1
5289,1
4987,1
3813,1
6899,1
5184,1
5983,1
4985,1
4883,1
7015,1
5909,1
5546,1
5341,1
3600,1
4695,1
6661,1
5352,1
4935,1
5654,1
4397,1
5443,1
5424,1
5097,1
6263,1
6427,1
5559,1
6199,1
4314,1
6620,1
4951,1
3914,1
5174,1
6293,1
4177,1
5353,1
5449,1
5781,1
4211,1
3754,1
5124,1
4005,1
5916,1
3875,1
6566,1
5885,1
3934,1
4619,1
6991,1
6203,1
4632,1
4374,1
5671,1
6290,1
5672,1
6896,1
6447,1
6734,1
4805,1
6724,1
5514,1
3969,1
4204,1
4861,1
3826,1
6888,1
4136,1
6007,1
5569,1
6410,1
6066,1
6803,1
4509,1
4422,1
6812,1
6997,1
4351,1
5217,1
7023,1
6642,1
4595,1
5913,1
6518,1
5366,1
7152,1
4253,1
3873,1
6917,1
7086,1
4269,1
5658,1
5460,1
6923,1
5753,1
6578,1
6929,1
3629,1
3831,1
5373,1
4402,1
4657,1
5706,1
3660,1
4970,1
4184,1
4221,1
6191,1
5384,1
5562,1
5940,1
4810,1
6987,1
4647,1
3653,1
5363,1
5856,1
4727,1
4342,1
6725,1
5152,1
4982,1
4512,1
6767,1
5990,1
6744,1
5304,1
5710,1
5190,1
5662,1
4989,1
4867,1
4414,1
6727,1
5474,1
6763,1
4830,1
4263,1
6171,1
5211,1
6324,1
4202,1
3758,1
6028,1
6853,1
7052,1
6798,1
4317,1
6162,1
4257,1
5427,1
5651,1
4056,1
5941,1
4299,1
4484,1
5308,1
3811,1
6570,1
4429,1
6856,1
5576,1
4165,1
5011,1
7003,1
6686,1
5041,1
3836,1
4607,1
3892,1
5810,1
5202,1
6963,1
3701,1
3908,1
6418,1
6558,1
4478,1
5060,1
6937,1
5324,1
3832,1
5000,1
6696,1
5612,1
4906,1
6826,1
4928,1
6213,1
4791,1
7107,1
4723,1
6195,1
6986,1
5539,1
6068,1
5247,1
6389,1
5713,1
3723,1
6933,1
6666,1
3756,1
4100,1
6590,1
3743,1
3996,1
3696,1
3909,1
4702,1
7126,1
4156,1
5512,1
6141,1
5486,1
5723,1
6464,1
4166,1
4093,1
5522,1
7062,1
6140,1
5510,1
4945,1
5450,1
5136,1
7035,1
3939,1
5644,1
5926,1
5172,1
4738,1
3905,1
6102,1
5106,1
5991,1
3984,1
5160,1
3765,1
5868,1
4693,1
6577,1
4939,1
4471,1
5617,1
5287,1
4777,1
6482,1
4491,1
6399,1
5579,1
7071,1
5017,1
3845,1
5105,1
4470,1
4481,1
4890,1
5800,1
4315,1
4611,1
6041,1
3828,1
4460,1
6329,1
3718,1
6198,1
6236,1
4293,1
3858,1
6090,1
6233,1
4567,1
5780,1
4047,1
5948,1
4119,1
3748,1
5738,1
5547,1
3753,1
6982,1
5665,1
4406,1
4259,1
3994,1
3923,1
5445,1
5946,1
6593,1
4667,1
4728,1
4035,1
6239,1
5112,1
3800,1
4203,1
4309,1
4398,1
5624,1
3780,1
5736,1
6691,1
4880,1
5326,1
5380,1
6793,1
6914,1
4600,1
6152,1
5421,1
5046,1
5079,1
6897,1
6147,1
3700,1
5402,1
7135,1
5434,1
6032,1
6235,1
7021,1
4864,1
6819,1
5147,1
5988,1
4914,1
6143,1
5752,1
4551,1
6776,1
6721,1
4899,1
4999,1
4480,1
3815,1
4671,1
6831,1
4128,1
6368,1
6337,1
5073,1
6741,1
4584,1
4690,1
5328,1
5836,1
3626,1
5054,1
5435,1
6228,1
6305,1
6533,1
5924,1
6908,1
3890,1
6434,1
7064,1
6092,1
3625,1
5339,1
7133,1
5005,1
7070,1
5094,1
5001,1
4110,1
6438,1
5133,1
4453,1
4653,1
6946,1
5872,1
4238,1
6551,1
3906,1
4876,1
5740,1
6992,1
5299,1
5238,1
5647,1
5759,1
4803,1
4456,1
3757,1
7034,1
4054,1
4143,1
4651,1
4927,1
6465,1
4915,1
5679,1
6367,1
5618,1
6220,1
4088,1
5778,1
6893,1
4122,1
3808,1
6103,1
4614,1
6847,1
6511,1
6057,1
5058,1
6787,1
3825,1
6806,1
6150,1
4327,1
4267,1
5195,1
7164,1
4755,1
5950,1
6531,1
7027,1
4518,1
5974,1
5440,1
7145,1
5436,1
4155,1
3818,1
6448,1
4389,1
5975,1
4621,1
4061,1
7078,1
6358,1
6542,1
5791,1
6069,1
6369,1
4633,1
5448,1
5792,1
5420,1
3862,1
6050,1
6097,1
5343,1
4587,1
6594,1
4305,1
6913,1
5596,1
4319,1
6553,1
5293,1
6821,1
5313,1
4741,1
