2397
1646
3463
0530
0458
2255
1039
1982
0889
3389
2833
0381
3492
2574
1915
0265
1361
0792
2202
3453
1447
0533
1147
0220
3179
0589
1736
0313
0511
0050
1186
2592
1413
0004
1300
0924
1117
1064
0534
0855
2784
3097
0338
0685
2857
0807
1144
0326
2280
2150
0780
0466
1472
1119
2056
1927
0027
2771
0666
0726
3412
0476
0615
1944
2122
0032
0765
1684
1265
3135
3049
0328
2205
1104
0111
0216
0544
1880
0966
2488
0883
0387
2928
2841
2491
3349
2924
2376
1500
2896
2694
1134
0587
0460
3591
1681
2919
3592
0031
0142
0299
1130
3558
1024
0509
1906
0091
0070
2644
3281
0532
1489
1250
1347
0087
2755
1172
2756
1700
2237
3060
2084
2584
3109
2616
0832
0445
2013
0680
3241
0191
3021
0207
3217
2439
0076
0607
1384
0813
1275
2437
2100
2431
3056
0637
2246
0125
3232
2400
0107
0649
0424
1491
2364
1337
2673
2396
0747
0629
1469
1266
2382
0708
1331
1009
2637
1934
1898
1909
1920
1983
3330
0106
2093
0217
3325
3087
0901
1005
3476
3439
3541
2247
3259
1390
2674
3038
2214
1793
2949
3177
2462
1438
0554
3057
0938
2531
1598
1168
2709
1881
2151
1485
3406
1833
1703
1392
1222
3497
0133
3236
3146
1089
0660
0103
1805
3321
0894
0139
3440
2891
1323
0716
0872
1940
2182
3512
0090
1065
2937
3157
3007
1645
2103
0712
1981
3026
1316
1804
1122
2900
1073
2804
3178
2480
0251
0895
2223
1853
0978
1381
2895
3504
1100
3479
3413
2656
0729
2786
3544
0480
2426
3531
3585
2787
0593
3059
3398
1092
3229
2548
3074
2921
3204
3224
2825
2105
0583
1819
2988
2967
2987
2618
0927
0721
0283
1239
0227
0595
2171
3025
0069
1844
2418
0375
1794
0408
3099
2757
3289
0959
3156
1189
1678
1575
3149
3298
3245
0745
2267
1353
3032
1544
2666
1418
0904
2539
0121
1788
2983
2148
1721
1798
2853
2688
0122
1889
0866
0173
2436
1312
2759
3589
2760
2718
3145
3454
1269
3126
0905
1648
0654
0888
2668
3460
2455
1591
2483
1233
1675
3396
3027
2165
2647
2691
2120
2109
0080
3357
3350
2727
1858
1085
1749
0379
1710
0776
0287
1965
1989
3575
2176
3380
0896
1809
0994
1391
1986
3521
2354
3522
1407
2385
2250
0276
1432
0701
0307
3529
2304
0146
0489
2655
0744
1313
0639
1462
0443
0092
0704
1052
1059
0418
0599
3400
1619
2293
1676
2800
1030
2500
2335
3250
0168
0463
2057
2245
3598
1949
0655
0352
1581
1170
3090
0132
3305
3214
3376
1709
3139
0269
1070
1061
0985
0194
1487
3036
0353
2481
3058
2232
0127
0801
2856
0185
2761
1984
2569
0444
0457
2860
2456
0993
1597
3082
1426
1634
0270
1171
0017
1653
2269
2807
2076
0963
2197
2042
0380
0926
2576
3063
1040
2059
3037
0852
0520
0772
3291
3083
2402
1856
2820
0037
2824
1136
1468
0762
0264
0497
1570
1762
2579
2751
3393
1691
3510
3360
0261
3424
2739
1046
3490
0298
3553
0879
2077
0977
1643
3162
3579
3185
2128
0202
0788
0357
0907
1371
1285
1779
2260
1289
2590
3484
0890
0304
1872
1815
3244
0696
2014
0535
2310
1686
1018
2672
2239
3079
2765
3112
0131
3210
3105
2906
3266
3285
0440
0039
1116
1795
3567
0120
0915
1970
1614
3465
1694
3292
0014
2092
0627
2920
1644
3003
1576
2989
2472
1350
2877
0529
2411
1571
1013
1679
3199
1254
0670
0579
3252
1564
2485
0429
0848
3488
1501
0914
0737
0793
3257
3344
1396
2421
1362
1661
2070
0633
3255
1213
0882
0641
1941
2429
3128
1854
0413
3169
1963
0730
2887
2830
2333
0436
0166
2367
0939
0279
3004
0119
2537
3409
2283
1318
2478
2965
0858
2849
1879
3469
2717
0337
1667
1158
1365
3202
3201
0970
3540
0759
2876
1950
3180
2520
3498
2361
1260
2052
2611
1031
2381
2419
1599
0432
3013
0135
0416
1952
0486
1218
3367
1932
3426
2404
0336
2915
2039
1229
2287
1582
3582
1847
2489
0650
2892
1111
3148
2074
1671
2477
1841
3100
1098
1139
1992
2034
0169
0913
2549
0944
1878
3395
1113
3101
0694
0752
0196
2935
2952
3384
2286
1157
1744
3235
2962
3034
2021
2653
0917
1106
2526
2459
3419
3254
2564
0542
0640
0345
3246
2131
2321
1782
2257
2703
1605
2720
2708
0415
3493
1674
1173
3050
2161
1334
1548
3283
3430
0192
3160
1737
0743
0058
1087
2393
2023
3364
2899
2828
0051
3586
2308
2146
1366
1812
1701
2567
0567
0537
2662
1498
1569
2248
1465
1002
1682
1620
1346
3514
2307
2519
1930
1375
3017
3414
2169
1797
2213
0676
3405
2045
1842
3496
2212
2850
3549
3159
1558
2664
2398
0047
2334
1244
0057
3516
1790
1357
2809
2032
1764
2332
2288
3103
1803
2894
1124
2413
0009
0097
3447
2217
2626
3205
3188
0174
1185
0005
2306
1475
1495
3041
0990
2744
2366
1651
0758
0746
2686
1695
3228
1332
1696
0346
2454
2166
2832
1967
1525
2971
1101
3509
2082
2780
1933
1110
3356
2530
0052
3555
0482
0446
1056
1180
0549
1573
0243
1448
2204
2216
2779
0972
2874
2932
3258
3588
0152
0341
3140
1452
0055
3237
1995
0199
3132
0138
2494
2521
0499
1538
3318
0162
0063
1344
3118
2585
0391
1341
2000
2534
2112
1364
1670
1480
2556
2240
2132
3312
2345
1298
2271
2982
0222
3574
2794
0887
0974
0081
0849
2714
2215
1526
3069
0908
0358
1263
3420
2249
0427
0782
3119
2314
1324
0067
0771
1756
3183
2638
2009
1166
0130
0586
1174
1609
2901
0598
1204
1672
3537
1027
2295
2701
1294
2606
1450
1325
3315
2898
1120
0198
1738
2713
0713
0605
0937
2961
0997
0778
2360
1600
0718
0137
2837
0946
1722
3570
2940
3445
0272
0784
3518
3548
2470
0340
2433
0877
0022
1649
1514
3076
1322
3343
3334
3402
0964
3170
0552
1187
1846
2442
3485
1891
2525
0320
2652
0479
0124
2707
2091
2545
3444
2551
0578
3067
1518
2358
3233
2747
3519
2582
2738
0054
2866
1655
3565
2934
0722
1532
1615
0224
1414
0064
0539
1873
0430
1467
3500
3547
0041
1642
3366
2863
0284
1616
0303
3227
1096
3274
3230
0496
2097
2158
3431
0677
3417
0359
2511
2183
2706
3108
1610
0690
0389
2722
0817
1808
3506
3538
3238
1887
2602
3377
0294
2238
1546
0810
2496
2774
1182
1236
1561
2111
0763
0240
3456
3328
0414
0286
3278
2811
1993
2089
0750
1296
1973
5997
5246
7063
4130
4058
5855
4639
5582
4489
6989
6433
3981
7092
6174
5515
3865
4961
4392
5802
7053
5047
4133
4747
3820
6779
4189
5336
3913
4111
3650
4786
6192
5013
3604
4900
4524
4717
4664
4134
4455
6384
6697
3938
4285
6457
4407
4744
3926
5880
5750
4380
4066
5072
4719
5656
5527
3627
6371
4266
4326
7012
4076
4215
5544
5722
3632
4365
5284
4865
6735
6649
3928
5805
4704
3711
3816
4144
5480
4566
6088
4483
3987
6528
6441
6091
6949
6524
5976
5100
6496
6294
4734
4187
4060
7191
5281
6519
7192
3631
3742
3899
4730
7158
4624
4109
5506
3691
3670
6244
6881
4132
5089
4850
4947
3687
6355
4772
6356
5300
5837
6660
5684
6184
6709
6216
4432
4045
5613
4280
6841
3791
6621
3807
6817
6039
3676
4207
4984
4413
4875
6037
5700
6031
6656
4237
5846
3725
6832
6000
3707
4249
4024
5091
5964
4937
6273
5996
4347
4229
5069
4866
5982
4308
4931
4609
6237
5534
5498
5509
5520
5583
6930
3706
5693
3817
6925
6687
4501
4605
7076
7039
7141
5847
6859
4990
6274
6638
5814
5393
6549
6777
6062
5038
4154
6657
4538
6131
5198
4768
6309
5481
5751
5085
7006
5433
5303
4992
4822
7097
3733
6836
6746
4689
4260
3703
5405
6921
4494
3739
7040
6491
4923
4316
4472
5540
5782
7112
3690
4665
6537
6757
6607
5245
5703
4312
5581
6626
4916
5404
4722
6500
4673
6404
6778
6080
3851
4495
5823
5453
4578
4981
6495
7104
4700
7079
7013
6256
4329
6386
7144
4080
6026
7131
7185
6387
4193
6659
6998
4692
6829
6148
6674
6521
6804
6824
6425
5705
4183
5419
6588
6567
6587
6218
4527
4321
3883
4839
3827
4195
5771
6625
3669
5444
6018
3975
5394
4008
6699
6357
6889
4559
6756
4789
5278
5175
6749
6898
6845
4345
5867
4953
6632
5144
6266
5018
4504
6139
3721
5388
6583
5748
5321
5398
6453
6288
3722
5489
4466
3773
6036
4912
6359
7189
6360
6318
6745
7054
4869
6726
4505
5248
4254
4488
6268
7060
6055
5191
6083
4833
5275
6996
6627
5765
6247
6291
5720
5709
3680
6957
6950
6327
5458
4685
5349
3979
5310
4376
3887
5565
5589
7175
5776
6980
4496
5409
4594
4991
5586
7121
5954
7122
5007
5985
5850
3876
5032
4301
3907
7129
5904
3746
4089
6255
4344
4913
4239
5062
4043
3692
4304
4652
4659
4018
4199
7000
5219
5893
5276
6400
4630
6100
5935
6850
3768
4063
5657
5845
7198
5549
4255
3952
5181
4770
6690
3732
6905
6814
6976
5309
6739
3869
4670
4661
4585
3794
5087
6636
3953
6081
6658
5832
3727
4401
6456
3785
6361
5584
6169
4044
4057
6460
6056
4593
5197
6682
5026
5234
3870
4771
3617
5253
5869
6407
5676
4563
5797
5642
3980
4526
6176
6663
4640
5659
6637
4452
4120
4372
6891
6683
6002
5456
6420
3637
6424
4736
5068
4362
3864
4097
5170
5362
6179
6351
6993
5291
7110
6960
3861
7024
6339
4646
7090
3898
7153
4479
5677
4577
5243
6762
7179
6785
5728
3802
4388
3957
4507
4971
4885
5379
5860
4889
6190
7084
4490
3904
5472
5415
6844
4296
5614
4135
5910
5286
4618
6272
5839
6679
6365
6712
3731
6810
6705
6506
6866
6885
4040
3639
4716
5395
7167
3720
4515
5570
5214
7065
5294
6892
3614
5692
4227
6520
5244
6603
5176
6589
6072
4950
6477
4129
6011
5171
4613
5279
6799
4854
4270
4179
6852
5164
6085
4029
4448
7088
5101
4514
4337
4393
6857
6944
4996
6021
4962
5261
5670
4233
6855
4813
4482
4241
5541
6029
6728
5454
4013
6769
5563
4330
6487
6430
5933
4036
3766
5967
4539
3879
6604
3719
6137
7009
5883
4918
6078
6565
4458
6449
5479
7069
6317
3937
5267
4758
4965
6802
6801
4570
7140
4359
6476
5550
6780
6120
7098
5961
4860
5652
6211
4631
5981
6019
5199
4032
6613
3735
4016
5552
4086
4818
6967
5532
7026
6004
3936
6515
5639
4829
5887
5182
7182
5447
6089
4250
6492
4711
6748
5674
5271
6077
5441
6700
4698
4739
5592
5634
3769
4513
6149
4544
5478
6995
4713
6701
4294
4352
3796
6535
6552
6984
5886
4757
5344
6835
6562
6634
5621
6253
4517
4706
6126
6059
7019
6854
6164
4142
4240
3945
6846
5731
5921
5382
5857
6303
5205
6320
6308
4015
7093
5274
4773
6650
5761
4934
5148
6883
7030
3792
6760
5337
4343
3658
4687
5993
5623
6964
6499
6428
3651
7186
5908
5746
4966
5412
5301
6167
4167
4137
6262
5098
5169
5848
5065
4602
5282
5220
4946
7114
5907
6119
5530
4975
6617
7014
5769
5397
5813
4276
7005
5645
5442
7096
5812
6450
7149
6759
5158
6264
5998
3647
5934
4844
3657
7116
5390
4957
6409
5632
5364
5932
5888
6703
5403
6494
4724
6013
3609
3697
7047
5817
6226
6805
6788
3774
4785
3605
5906
5075
5095
6641
4590
6344
5966
5251
4358
4346
6286
5295
6828
4932
5296
3946
6054
5766
6432
5567
5125
6571
4701
7109
5682
6380
5533
4710
6956
6130
3652
7155
4082
4046
4656
4780
4149
5173
3843
5048
5804
5816
6379
4572
6474
6532
6858
7188
3752
3941
6740
5052
3655
6837
5595
3799
6732
3738
6094
6121
4099
5138
6918
3762
3663
4944
6718
6185
3991
4941
5600
6134
5712
4964
5270
5080
6156
5840
5732
6912
5945
4898
5871
6582
3822
7174
6394
4487
4574
3681
4449
6314
5815
5126
6669
4508
3958
4863
7020
5849
4027
4382
6719
5914
4924
3667
4371
5356
6783
6238
5609
4766
3730
4186
4774
5209
6501
4198
4804
5272
7137
4627
5895
6301
4894
6206
5050
4925
6915
6498
4720
3798
5338
6313
4313
4205
4537
6561
4597
4378
5960
5200
4318
3737
6437
4546
5322
7170
6540
7045
3872
4384
7118
7148
6070
3940
6033
4477
3622
5249
5114
6676
4922
6943
6934
7002
4564
6770
4152
4787
5446
6042
7085
5491
6125
3920
6252
4079
3724
6307
5691
6145
7044
6151
4178
6667
5118
5958
6833
6347
7119
6182
6338
3654
6466
5255
7165
6534
4322
5132
5215
3824
5014
3664
4139
5473
4030
5067
7100
7147
3641
5242
6966
6463
3884
5216
3903
6827
4696
6874
6830
4096
5697
5758
7031
4277
7017
3959
6111
5783
6306
6708
5210
4290
3989
6322
4417
5408
7106
7138
6838
5487
6202
6977
3894
5838
5146
4410
6096
6374
4782
4836
5161
5711
4363
3840
7056
6928
4014
3886
6878
6411
5593
5689
4350
4896
5573
