2397,0
1646,0
3463,0
0530,0
0458,0
2255,0
1039,0
1982,0
0889,0
3389,0
2833,0
0381,0
3492,0
2574,0
1915,0
0265,0
1361,0
0792,0
2202,0
3453,0
1447,0
0533,0
1147,0
0220,0
3179,0
0589,0
1736,0
0313,0
0511,0
0050,0
1186,0
2592,0
1413,0
0004,0
1300,0
0924,0
1117,0
1064,0
0534,0
0855,0
2784,0
3097,0
0338,0
0685,0
2857,0
0807,0
1144,0
0326,0
2280,0
2150,0
0780,0
0466,0
1472,0
1119,0
2056,0
1927,0
0027,0
2771,0
0666,0
0726,0
3412,0
0476,0
0615,0
1944,0
2122,0
0032,0
0765,0
1684,0
1265,0
3135,0
3049,0
0328,0
2205,0
1104,0
0111,0
0216,0
0544,0
1880,0
0966,0
2488,0
0883,0
0387,0
2928,0
2841,0
2491,0
3349,0
2924,0
2376,0
1500,0
2896,0
2694,0
1134,0
0587,0
0460,0
3591,0
1681,0
2919,0
3592,0
0031,0
0142,0
0299,0
1130,0
3558,0
1024,0
0509,0
1906,0
0091,0
0070,0
2644,0
3281,0
0532,0
1489,0
1250,0
1347,0
0087,0
2755,0
1172,0
2756,0
1700,0
2237,0
3060,0
2084,0
2584,0
3109,0
2616,0
0832,0
0445,0
2013,0
0680,0
3241,0
0191,0
3021,0
0207,0
3217,0
2439,0
0076,0
0607,0
1384,0
0813,0
1275,0
2437,0
2100,0
2431,0
3056,0
0637,0
2246,0
0125,0
3232,0
2400,0
0107,0
0649,0
0424,0
1491,0
2364,0
1337,0
2673,0
2396,0
0747,0
0629,0
1469,0
1266,0
2382,0
0708,0
1331,0
1009,0
2637,0
1934,0
1898,0
1909,0
1920,0
1983,0
3330,0
0106,0
2093,0
0217,0
3325,0
3087,0
0901,0
1005,0
3476,0
3439,0
3541,0
2247,0
3259,0
1390,0
2674,0
3038,0
2214,0
1793,0
2949,0
3177,0
2462,0
1438,0
0554,0
3057,0
0938,0
2531,0
1598,0
1168,0
2709,0
1881,0
2151,0
1485,0
3406,0
1833,0
1703,0
1392,0
1222,0
3497,0
0133,0
3236,0
3146,0
1089,0
0660,0
0103,0
1805,0
3321,0
0894,0
0139,0
3440,0
2891,0
1323,0
0716,0
0872,0
1940,0
2182,0
3512,0
0090,0
1065,0
2937,0
3157,0
3007,0
1645,0
2103,0
0712,0
1981,0
3026,0
1316,0
1804,0
1122,0
2900,0
1073,0
2804,0
3178,0
2480,0
0251,0
0895,0
2223,0
1853,0
0978,0
1381,0
2895,0
3504,0
1100,0
3479,0
3413,0
2656,0
0729,0
2786,0
3544,0
0480,0
2426,0
3531,0
3585,0
2787,0
0593,0
3059,0
3398,0
1092,0
3229,0
2548,0
3074,0
2921,0
3204,0
3224,0
2825,0
2105,0
0583,0
1819,0
2988,0
2967,0
2987,0
2618,0
0927,0
0721,0
0283,0
1239,0
0227,0
0595,0
2171,0
3025,0
0069,0
1844,0
2418,0
0375,0
1794,0
0408,0
3099,0
2757,0
3289,0
0959,0
3156,0
1189,0
1678,0
1575,0
3149,0
3298,0
3245,0
0745,0
2267,0
1353,0
3032,0
1544,0
2666,0
1418,0
0904,0
2539,0
0121,0
1788,0
2983,0
2148,0
1721,0
1798,0
2853,0
2688,0
0122,0
1889,0
0866,0
0173,0
2436,0
1312,0
2759,0
3589,0
2760,0
2718,0
3145,0
3454,0
1269,0
3126,0
0905,0
1648,0
0654,0
0888,0
2668,0
3460,0
2455,0
1591,0
2483,0
1233,0
1675,0
3396,0
3027,0
2165,0
2647,0
2691,0
2120,0
2109,0
0080,0
3357,0
3350,0
2727,0
1858,0
1085,0
1749,0
0379,0
1710,0
0776,0
0287,0
1965,0
1989,0
3575,0
2176,0
3380,0
0896,0
1809,0
0994,0
1391,0
1986,0
3521,0
2354,0
3522,0
1407,0
2385,0
2250,0
0276,0
1432,0
0701,0
0307,0
3529,0
2304,0
0146,0
0489,0
2655,0
0744,0
1313,0
0639,0
1462,0
0443,0
0092,0
0704,0
1052,0
1059,0
0418,0
0599,0
3400,0
1619,0
2293,0
1676,0
2800,0
1030,0
2500,0
2335,0
3250,0
0168,0
0463,0
2057,0
2245,0
3598,0
1949,0
0655,0
0352,0
1581,0
1170,0
3090,0
0132,0
3305,0
3214,0
3376,0
1709,0
3139,0
0269,0
1070,0
1061,0
0985,0
0194,0
1487,0
3036,0
0353,0
2481,0
3058,0
2232,0
0127,0
0801,0
2856,0
0185,0
2761,0
1984,0
2569,0
0444,0
0457,0
2860,0
2456,0
0993,0
1597,0
3082,0
1426,0
1634,0
0270,0
1171,0
0017,0
1653,0
2269,0
2807,0
2076,0
0963,0
2197,0
2042,0
0380,0
0926,0
2576,0
3063,0
1040,0
2059,0
3037,0
0852,0
0520,0
0772,0
3291,0
3083,0
2402,0
1856,0
2820,0
0037,0
2824,0
1136,0
1468,0
0762,0
0264,0
0497,0
1570,0
1762,0
2579,0
2751,0
3393,0
1691,0
3510,0
3360,0
0261,0
3424,0
2739,0
1046,0
3490,0
0298,0
3553,0
0879,0
2077,0
0977,0
1643,0
3162,0
3579,0
3185,0
2128,0
0202,0
0788,0
0357,0
0907,0
1371,0
1285,0
1779,0
2260,0
1289,0
2590,0
3484,0
0890,0
0304,0
1872,0
1815,0
3244,0
0696,0
2014,0
0535,0
2310,0
1686,0
1018,0
2672,0
2239,0
3079,0
2765,0
3112,0
0131,0
3210,0
3105,0
2906,0
3266,0
3285,0
0440,0
0039,0
1116,0
1795,0
3567,0
0120,0
0915,0
1970,0
1614,0
3465,0
1694,0
3292,0
0014,0
2092,0
0627,0
2920,0
1644,0
3003,0
1576,0
2989,0
2472,0
1350,0
2877,0
0529,0
2411,0
1571,0
1013,0
1679,0
3199,0
1254,0
0670,0
0579,0
3252,0
1564,0
2485,0
0429,0
0848,0
3488,0
1501,0
0914,0
0737,0
0793,0
3257,0
3344,0
1396,0
2421,0
1362,0
1661,0
2070,0
0633,0
3255,0
1213,0
0882,0
0641,0
1941,0
2429,0
3128,0
1854,0
0413,0
3169,0
1963,0
0730,0
2887,0
2830,0
2333,0
0436,0
0166,0
2367,0
0939,0
0279,0
3004,0
0119,0
2537,0
3409,0
2283,0
1318,0
2478,0
2965,0
0858,0
2849,0
1879,0
3469,0
2717,0
0337,0
1667,0
1158,0
1365,0
3202,0
3201,0
0970,0
3540,0
0759,0
2876,0
1950,0
3180,0
2520,0
3498,0
2361,0
1260,0
2052,0
2611,0
1031,0
2381,0
2419,0
1599,0
0432,0
3013,0
0135,0
0416,0
1952,0
0486,0
1218,0
3367,0
1932,0
3426,0
2404,0
0336,0
2915,0
2039,0
1229,0
2287,0
1582,0
3582,0
1847,0
2489,0
0650,0
2892,0
1111,0
3148,0
2074,0
1671,0
2477,0
1841,0
3100,0
1098,0
1139,0
1992,0
2034,0
0169,0
0913,0
2549,0
0944,0
1878,0
3395,0
1113,0
3101,0
0694,0
0752,0
0196,0
2935,0
2952,0
3384,0
2286,0
1157,0
1744,0
3235,0
2962,0
3034,0
2021,0
2653,0
0917,0
1106,0
2526,0
2459,0
3419,0
3254,0
2564,0
0542,0
0640,0
0345,0
3246,0
2131,0
2321,0
1782,0
2257,0
2703,0
1605,0
2720,0
2708,0
0415,0
3493,0
1674,0
1173,0
3050,0
2161,0
1334,0
1548,0
3283,0
3430,0
0192,0
3160,0
1737,0
0743,0
0058,0
1087,0
2393,0
2023,0
3364,0
2899,0
2828,0
0051,0
3586,0
2308,0
2146,0
1366,0
1812,0
1701,0
2567,0
0567,0
0537,0
2662,0
1498,0
1569,0
2248,0
1465,0
1002,0
1682,0
1620,0
1346,0
3514,0
2307,0
2519,0
1930,0
1375,0
3017,0
3414,0
2169,0
1797,0
2213,0
0676,0
3405,0
2045,0
1842,0
3496,0
2212,0
2850,0
3549,0
3159,0
1558,0
2664,0
2398,0
0047,0
2334,0
1244,0
0057,0
3516,0
1790,0
1357,0
2809,0
2032,0
1764,0
2332,0
2288,0
3103,0
1803,0
2894,0
1124,0
2413,0
0009,0
0097,0
3447,0
2217,0
2626,0
3205,0
3188,0
0174,0
1185,0
0005,0
2306,0
1475,0
1495,0
3041,0
0990,0
2744,0
2366,0
1651,0
0758,0
0746,0
2686,0
1695,0
3228,0
1332,0
1696,0
0346,0
2454,0
2166,0
2832,0
1967,0
1525,0
2971,0
1101,0
3509,0
2082,0
2780,0
1933,0
1110,0
3356,0
2530,0
0052,0
3555,0
0482,0
0446,0
1056,0
1180,0
0549,0
1573,0
0243,0
1448,0
2204,0
2216,0
2779,0
0972,0
2874,0
2932,0
3258,0
3588,0
0152,0
0341,0
3140,0
1452,0
0055,0
3237,0
1995,0
0199,0
3132,0
0138,0
2494,0
2521,0
0499,0
1538,0
3318,0
0162,0
0063,0
1344,0
3118,0
2585,0
0391,0
1341,0
2000,0
2534,0
2112,0
1364,0
1670,0
1480,0
2556,0
2240,0
2132,0
3312,0
2345,0
1298,0
2271,0
2982,0
0222,0
3574,0
2794,0
0887,0
0974,0
0081,0
0849,0
2714,0
2215,0
1526,0
3069,0
0908,0
0358,0
1263,0
3420,0
2249,0
0427,0
0782,0
3119,0
2314,0
1324,0
0067,0
0771,0
1756,0
3183,0
2638,0
2009,0
1166,0
0130,0
0586,0
1174,0
1609,0
2901,0
0598,0
1204,0
1672,0
3537,0
1027,0
2295,0
2701,0
1294,0
2606,0
1450,0
1325,0
3315,0
2898,0
1120,0
0198,0
1738,0
2713,0
0713,0
0605,0
0937,0
2961,0
0997,0
0778,0
2360,0
1600,0
0718,0
0137,0
2837,0
0946,0
1722,0
3570,0
2940,0
3445,0
0272,0
0784,0
3518,0
3548,0
2470,0
0340,0
2433,0
0877,0
0022,0
1649,0
1514,0
3076,0
1322,0
3343,0
3334,0
3402,0
0964,0
3170,0
0552,0
1187,0
1846,0
2442,0
3485,0
1891,0
2525,0
0320,0
2652,0
0479,0
0124,0
2707,0
2091,0
2545,0
3444,0
2551,0
0578,0
3067,0
1518,0
2358,0
3233,0
2747,0
3519,0
2582,0
2738,0
0054,0
2866,0
1655,0
3565,0
2934,0
0722,0
1532,0
1615,0
0224,0
1414,0
0064,0
0539,0
1873,0
0430,0
1467,0
3500,0
3547,0
0041,0
1642,0
3366,0
2863,0
0284,0
1616,0
0303,0
3227,0
1096,0
3274,0
3230,0
0496,0
2097,0
2158,0
3431,0
0677,0
3417,0
0359,0
2511,0
2183,0
2706,0
3108,0
1610,0
0690,0
0389,0
2722,0
0817,0
1808,0
3506,0
3538,0
3238,0
1887,0
2602,0
3377,0
0294,0
2238,0
1546,0
0810,0
2496,0
2774,0
1182,0
1236,0
1561,0
2111,0
0763,0
0240,0
3456,0
3328,0
0414,0
0286,0
3278,0
2811,0
1993,0
2089,0
0750,0
1296,0
1973,0
5997,1
5246,1
7063,1
4130,1
4058,1
5855,1
4639,1
5582,1
4489,1
6989,1
6433,1
3981,1
7092,1
6174,1
5515,1
3865,1
4961,1
4392,1
5802,1
7053,1
5047,1
4133,1
4747,1
3820,1
6779,1
4189,1
5336,1
3913,1
4111,1
3650,1
4786,1
6192,1
5013,1
3604,1
4900,1
4524,1
4717,1
4664,1
4134,1
4455,1
6384,1
6697,1
3938,1
4285,1
6457,1
4407,1
4744,1
3926,1
5880,1
5750,1
4380,1
4066,1
5072,1
4719,1
5656,1
5527,1
3627,1
6371,1
4266,1
4326,1
7012,1
4076,1
4215,1
5544,1
5722,1
3632,1
4365,1
5284,1
4865,1
6735,1
6649,1
3928,1
5805,1
4704,1
3711,1
3816,1
4144,1
5480,1
4566,1
6088,1
4483,1
3987,1
6528,1
6441,1
6091,1
6949,1
6524,1
5976,1
5100,1
6496,1
6294,1
4734,1
4187,1
4060,1
7191,1
5281,1
6519,1
7192,1
3631,1
3742,1
3899,1
4730,1
7158,1
4624,1
4109,1
5506,1
3691,1
3670,1
6244,1
6881,1
4132,1
5089,1
4850,1
4947,1
3687,1
6355,1
4772,1
6356,1
5300,1
5837,1
6660,1
5684,1
6184,1
6709,1
6216,1
4432,1
4045,1
5613,1
4280,1
6841,1
3791,1
6621,1
3807,1
6817,1
6039,1
3676,1
4207,1
4984,1
4413,1
4875,1
6037,1
5700,1
6031,1
6656,1
4237,1
5846,1
3725,1
6832,1
6000,1
3707,1
4249,1
4024,1
5091,1
5964,1
4937,1
6273,1
5996,1
4347,1
4229,1
5069,1
4866,1
5982,1
4308,1
4931,1
4609,1
6237,1
5534,1
5498,1
5509,1
5520,1
5583,1
6930,1
3706,1
5693,1
3817,1
6925,1
6687,1
4501,1
4605,1
7076,1
7039,1
7141,1
5847,1
6859,1
4990,1
6274,1
6638,1
5814,1
5393,1
6549,1
6777,1
6062,1
5038,1
4154,1
6657,1
4538,1
6131,1
5198,1
4768,1
6309,1
5481,1
5751,1
5085,1
7006,1
5433,1
5303,1
4992,1
4822,1
7097,1
3733,1
6836,1
6746,1
4689,1
4260,1
3703,1
5405,1
6921,1
4494,1
3739,1
7040,1
6491,1
4923,1
4316,1
4472,1
5540,1
5782,1
7112,1
3690,1
4665,1
6537,1
6757,1
6607,1
5245,1
5703,1
4312,1
5581,1
6626,1
4916,1
5404,1
4722,1
6500,1
4673,1
6404,1
6778,1
6080,1
3851,1
4495,1
5823,1
5453,1
4578,1
4981,1
6495,1
7104,1
4700,1
7079,1
7013,1
6256,1
4329,1
6386,1
7144,1
4080,1
6026,1
7131,1
7185,1
6387,1
4193,1
6659,1
6998,1
4692,1
6829,1
6148,1
6674,1
6521,1
6804,1
6824,1
6425,1
5705,1
4183,1
5419,1
6588,1
6567,1
6587,1
6218,1
4527,1
4321,1
3883,1
4839,1
3827,1
4195,1
5771,1
6625,1
3669,1
5444,1
6018,1
3975,1
5394,1
4008,1
6699,1
6357,1
6889,1
4559,1
6756,1
4789,1
5278,1
5175,1
6749,1
6898,1
6845,1
4345,1
5867,1
4953,1
6632,1
5144,1
6266,1
5018,1
4504,1
6139,1
3721,1
5388,1
6583,1
5748,1
5321,1
5398,1
6453,1
6288,1
3722,1
5489,1
4466,1
3773,1
6036,1
4912,1
6359,1
7189,1
6360,1
6318,1
6745,1
7054,1
4869,1
6726,1
4505,1
5248,1
4254,1
4488,1
6268,1
7060,1
6055,1
5191,1
6083,1
4833,1
5275,1
6996,1
6627,1
5765,1
6247,1
6291,1
5720,1
5709,1
3680,1
6957,1
6950,1
6327,1
5458,1
4685,1
5349,1
3979,1
5310,1
4376,1
3887,1
5565,1
5589,1
7175,1
5776,1
6980,1
4496,1
5409,1
4594,1
4991,1
5586,1
7121,1
5954,1
7122,1
5007,1
5985,1
5850,1
3876,1
5032,1
4301,1
3907,1
7129,1
5904,1
3746,1
4089,1
6255,1
4344,1
4913,1
4239,1
5062,1
4043,1
3692,1
4304,1
4652,1
4659,1
4018,1
4199,1
7000,1
5219,1
5893,1
5276,1
6400,1
4630,1
6100,1
5935,1
6850,1
3768,1
4063,1
5657,1
5845,1
7198,1
5549,1
4255,1
3952,1
5181,1
4770,1
6690,1
3732,1
6905,1
6814,1
6976,1
5309,1
6739,1
3869,1
4670,1
4661,1
4585,1
3794,1
5087,1
6636,1
3953,1
6081,1
6658,1
5832,1
3727,1
4401,1
6456,1
3785,1
6361,1
5584,1
6169,1
4044,1
4057,1
6460,1
6056,1
4593,1
5197,1
6682,1
5026,1
5234,1
3870,1
4771,1
3617,1
5253,1
5869,1
6407,1
5676,1
4563,1
5797,1
5642,1
3980,1
4526,1
6176,1
6663,1
4640,1
5659,1
6637,1
4452,1
4120,1
4372,1
6891,1
6683,1
6002,1
5456,1
6420,1
3637,1
6424,1
4736,1
5068,1
4362,1
3864,1
4097,1
5170,1
5362,1
6179,1
6351,1
6993,1
5291,1
7110,1
6960,1
3861,1
7024,1
6339,1
4646,1
7090,1
3898,1
7153,1
4479,1
5677,1
4577,1
5243,1
6762,1
7179,1
6785,1
5728,1
3802,1
4388,1
3957,1
4507,1
4971,1
4885,1
5379,1
5860,1
4889,1
6190,1
7084,1
4490,1
3904,1
5472,1
5415,1
6844,1
4296,1
5614,1
4135,1
5910,1
5286,1
4618,1
6272,1
5839,1
6679,1
6365,1
6712,1
3731,1
6810,1
6705,1
6506,1
6866,1
6885,1
4040,1
3639,1
4716,1
5395,1
7167,1
3720,1
4515,1
5570,1
5214,1
7065,1
5294,1
6892,1
3614,1
5692,1
4227,1
6520,1
5244,1
6603,1
5176,1
6589,1
6072,1
4950,1
6477,1
4129,1
6011,1
5171,1
4613,1
5279,1
6799,1
4854,1
4270,1
4179,1
6852,1
5164,1
6085,1
4029,1
4448,1
7088,1
5101,1
4514,1
4337,1
4393,1
6857,1
6944,1
4996,1
6021,1
4962,1
5261,1
5670,1
4233,1
6855,1
4813,1
4482,1
4241,1
5541,1
6029,1
6728,1
5454,1
4013,1
6769,1
5563,1
4330,1
6487,1
6430,1
5933,1
4036,1
3766,1
5967,1
4539,1
3879,1
6604,1
3719,1
6137,1
7009,1
5883,1
4918,1
6078,1
6565,1
4458,1
6449,1
5479,1
7069,1
6317,1
3937,1
5267,1
4758,1
4965,1
6802,1
6801,1
4570,1
7140,1
4359,1
6476,1
5550,1
6780,1
6120,1
7098,1
5961,1
4860,1
5652,1
6211,1
4631,1
5981,1
6019,1
5199,1
4032,1
6613,1
3735,1
4016,1
5552,1
4086,1
4818,1
6967,1
5532,1
7026,1
6004,1
3936,1
6515,1
5639,1
4829,1
5887,1
5182,1
7182,1
5447,1
6089,1
4250,1
6492,1
4711,1
6748,1
5674,1
5271,1
6077,1
5441,1
6700,1
4698,1
4739,1
5592,1
5634,1
3769,1
4513,1
6149,1
4544,1
5478,1
6995,1
4713,1
6701,1
4294,1
4352,1
3796,1
6535,1
6552,1
6984,1
5886,1
4757,1
5344,1
6835,1
6562,1
6634,1
5621,1
6253,1
4517,1
4706,1
6126,1
6059,1
7019,1
6854,1
6164,1
4142,1
4240,1
3945,1
6846,1
5731,1
5921,1
5382,1
5857,1
6303,1
5205,1
6320,1
6308,1
4015,1
7093,1
5274,1
4773,1
6650,1
5761,1
4934,1
5148,1
6883,1
7030,1
3792,1
6760,1
5337,1
4343,1
3658,1
4687,1
5993,1
5623,1
6964,1
6499,1
6428,1
3651,1
7186,1
5908,1
5746,1
4966,1
5412,1
5301,1
6167,1
4167,1
4137,1
6262,1
5098,1
5169,1
5848,1
5065,1
4602,1
5282,1
5220,1
4946,1
7114,1
5907,1
6119,1
5530,1
4975,1
6617,1
7014,1
5769,1
5397,1
5813,1
4276,1
7005,1
5645,1
5442,1
7096,1
5812,1
6450,1
7149,1
6759,1
5158,1
6264,1
5998,1
3647,1
5934,1
4844,1
3657,1
7116,1
5390,1
4957,1
6409,1
5632,1
5364,1
5932,1
5888,1
6703,1
5403,1
6494,1
4724,1
6013,1
3609,1
3697,1
7047,1
5817,1
6226,1
6805,1
6788,1
3774,1
4785,1
3605,1
5906,1
5075,1
5095,1
6641,1
4590,1
6344,1
5966,1
5251,1
4358,1
4346,1
6286,1
5295,1
6828,1
4932,1
5296,1
3946,1
6054,1
5766,1
6432,1
5567,1
5125,1
6571,1
4701,1
7109,1
5682,1
6380,1
5533,1
4710,1
6956,1
6130,1
3652,1
7155,1
4082,1
4046,1
4656,1
4780,1
4149,1
5173,1
3843,1
5048,1
5804,1
5816,1
6379,1
4572,1
6474,1
6532,1
6858,1
7188,1
3752,1
3941,1
6740,1
5052,1
3655,1
6837,1
5595,1
3799,1
6732,1
3738,1
6094,1
6121,1
4099,1
5138,1
6918,1
3762,1
3663,1
4944,1
6718,1
6185,1
3991,1
4941,1
5600,1
6134,1
5712,1
4964,1
5270,1
5080,1
6156,1
5840,1
5732,1
6912,1
5945,1
4898,1
5871,1
6582,1
3822,1
7174,1
6394,1
4487,1
4574,1
3681,1
4449,1
6314,1
5815,1
5126,1
6669,1
4508,1
3958,1
4863,1
7020,1
5849,1
4027,1
4382,1
6719,1
5914,1
4924,1
3667,1
4371,1
5356,1
6783,1
6238,1
5609,1
4766,1
3730,1
4186,1
4774,1
5209,1
6501,1
4198,1
4804,1
5272,1
7137,1
4627,1
5895,1
6301,1
4894,1
6206,1
5050,1
4925,1
6915,1
6498,1
4720,1
3798,1
5338,1
6313,1
4313,1
4205,1
4537,1
6561,1
4597,1
4378,1
5960,1
5200,1
4318,1
3737,1
6437,1
4546,1
5322,1
7170,1
6540,1
7045,1
3872,1
4384,1
7118,1
7148,1
6070,1
3940,1
6033,1
4477,1
3622,1
5249,1
5114,1
6676,1
4922,1
6943,1
6934,1
7002,1
4564,1
6770,1
4152,1
4787,1
5446,1
6042,1
7085,1
5491,1
6125,1
3920,1
6252,1
4079,1
3724,1
6307,1
5691,1
6145,1
7044,1
6151,1
4178,1
6667,1
5118,1
5958,1
6833,1
6347,1
7119,1
6182,1
6338,1
3654,1
6466,1
5255,1
7165,1
6534,1
4322,1
5132,1
5215,1
3824,1
5014,1
3664,1
4139,1
5473,1
4030,1
5067,1
7100,1
7147,1
3641,1
5242,1
6966,1
6463,1
3884,1
5216,1
3903,1
6827,1
4696,1
6874,1
6830,1
4096,1
5697,1
5758,1
7031,1
4277,1
7017,1
3959,1
6111,1
5783,1
6306,1
6708,1
5210,1
4290,1
3989,1
6322,1
4417,1
5408,1
7106,1
7138,1
6838,1
5487,1
6202,1
6977,1
3894,1
5838,1
5146,1
4410,1
6096,1
6374,1
4782,1
4836,1
5161,1
5711,1
4363,1
3840,1
7056,1
6928,1
4014,1
3886,1
6878,1
6411,1
5593,1
5689,1
4350,1
4896,1
5573,1
