1907
1904
0059
2471
0295
2813
0981
0411
2716
0840
0785
1685
0242
2976
2460
1137
1918
0571
3322
1750
1735
1557
0898
2854
0916
1702
0923
2190
0504
1729
2277
2392
1388
2365
1517
0300
2676
3207
2667
3361
2969
2015
3243
1108
1076
2699
3052
1202
0531
1635
1867
0206
2536
0515
0684
3300
1256
1740
2665
0421
0204
1343
0317
0277
3515
0221
3437
2055
3107
0945
2596
1565
1105
3446
0682
2067
0141
1751
1433
2499
3138
2997
2821
2648
1577
3011
1427
0934
1496
2184
3029
0018
1562
0631
1176
0661
0816
1662
0315
2743
2770
1429
0370
0023
2311
2254
2594
3110
2623
0736
1640
2053
2796
2862
3340
2305
1216
1583
3064
1359
0327
0943
2573
3359
2401
0925
3265
2687
2819
2904
1248
1193
3260
1589
0260
3546
3223
1871
0010
3448
1768
2329
2075
3542
2999
2886
3457
0478
0332
2125
2080
2981
1151
2264
2434
3353
1866
1618
2060
1277
0234
0434
2692
1787
3534
2512
1817
2087
0325
3001
1025
2387
1945
0077
1978
2118
1091
1354
0503
1717
2840
3200
2658
3136
0741
2683
1231
0278
0965
1892
2474
1742
2145
0398
0502
1420
1445
3039
0823
2733
2689
0490
1665
2788
1688
0936
0241
1164
3551
1262
1240
1029
2822
1148
0021
1921
0399
1042
0569
3023
0409
2974
1369
1994
3225
0986
2121
1397
3271
1955
3513
0818
2960
0819
1527
1132
1060
1084
3294
3088
0735
3062
0201
1814
3133
1776
2207
2438
1968
2068
2835
3345
2946
2968
2957
2742
2907
0681
0820
3192
1578
0465
1251
1150
1732
2154
0293
1308
2726
1459
1062
0377
2734
2902
2861
0250
1801
1295
0862
1748
1654
1253
1020
2081
0449
0675
3012
1179
3268
3425
0362
2291
2380
1077
3428
3562
2405
2030
2115
1428
2963
3048
0422
1444
2172
1810
1951
1333
2888
0390
0838
1470
0355
1683
0521
2302
3234
1195
2852
1153
2337
3573
0110
1629
0256
2778
1755
2174
2617
2580
2731
1637
3211
3438
2435
2514
3483
2801
3002
1957
0439
0548
1453
0155
0372
2509
3524
1586
2284
2050
2475
1857
2063
1097
0412
1851
3277
2885
2440
1292
2763
3481
3458
2114
2645
2299
0448
2871
2357
0335
2698
2273
2890
3168
1372
0686
0322
1037
2443
2403
3449
1068
2298
1246
3307
2843
2805
0931
1594
2956
0333
1811
1718
0367
3390
0545
0514
1877
3539
2425
0754
2553
2004
1707
1367
0979
2297
0874
0734
2842
0524
1443
0526
3327
2108
2516
2609
1664
1596
0805
1245
0019
0837
1114
0175
1099
2296
3290
2218
0237
2955
1998
0035
1534
1502
1628
2482
0438
2508
2873
0271
0068
1439
2752
1484
1865
0209
3410
2870
1058
1423
0647
0085
2019
0900
1175
0360
0865
3319
1126
2785
1310
1720
0472
1972
1159
1456
0371
0002
2235
0195
0731
3033
2064
3593
2814
2929
1515
2300
1379
1206
0695
0947
3394
3560
0507
0786
2601
3008
1449
3047
1072
2259
1012
0073
2938
1786
1537
2624
0388
1705
1719
0426
0455
1785
1521
1789
2859
0600
2037
0470
0382
1519
0625
0755
2187
1181
1278
1492
2104
1890
1434
3416
1901
2168
3137
0656
1543
3338
1900
2157
0790
0282
3468
0095
2415
1036
2578
2208
0658
3324
2408
2036
3130
0145
2654
0843
0319
0043
3264
2342
1530
0634
0597
0976
2116
3072
1658
2033
2916
0417
0475
1135
0266
3222
2141
2621
0559
3466
3594
0864
1075
0791
2600
0795
0134
1980
3568
1249
3320
1799
0267
2228
0450
0285
2372
2586
2533
1929
1931
0020
0724
1208
0485
0223
0626
1529
1715
0834
3411
1761
2980
2281
2263
3556
1509
1016
0468
3383
1772
2589
2680
0897
2883
0691
2378
1559
2144
1580
0071
2031
2640
0170
0868
2043
0193
1165
2783
1522
0249
1510
1376
1416
3275
1613
3018
0624
1680
3024
0428
0859
3186
2749
0140
2669
1625
3563
2565
0506
3422
2777
1358
3081
0952
3111
0902
2352
3089
0630
2501
0553
1410
2224
1303
1531
2020
1778
0732
1326
2504
3080
1829
0725
0869
0248
1086
0826
1971
3287
3532
2338
1656
1066
2875
0011
3104
2325
2448
0672
1305
0104
0253
0796
2563
0403
2199
0527
1727
3309
1252
1745
0635
2764
1224
1838
0576
2605
0739
1395
2524
1917
1190
2506
1677
1622
2513
2362
1566
1660
0214
3154
1657
2889
0547
1631
3499
0954
2048
1770
2685
1243
2836
1486
0617
0591
2189
2535
3378
0343
0836
1258
1478
1826
3371
3566
3055
1436
2244
0189
2046
2507
1270
0516
1356
1759
3085
1579
2700
1888
1633
0809
0689
1430
1154
1673
2910
0288
0129
1321
1923
0643
2424
0991
3408
0956
1876
2465
1121
2233
3332
1340
1050
0425
1247
0596
0773
2587
1209
0942
2593
2452
1913
2681
3523
2697
3164
0975
2336
2797
1711
0674
0344
1220
0919
3480
0117
2339
2222
0692
1666
0356
0042
2349
2745
2040
2776
3418
0467
3302
3182
0711
0061
0828
1049
0451
1542
1936
3120
2127
3342
2130
3249
0402
1754
0794
3095
3543
0562
0008
2319
0804
0078
0688
3577
0395
0084
0038
2420
3525
2728
3077
1115
1632
1985
0259
0289
3455
1235
1490
3115
3584
0580
0575
3114
3147
0911
0113
1212
0885
2806
1771
1006
3046
1606
3472
0477
1859
0374
2909
3116
1601
1228
0850
1161
1398
2498
3399
1828
2008
0190
0406
2160
1800
3489
2464
2061
0582
1523
0892
0082
3303
0961
2944
1825
0147
1832
2410
0830
0508
0348
0844
1869
2642
2301
3450
1424
0948
3520
2096
0079
2795
2839
3491
1725
2022
0590
0568
2754
0585
1118
3240
0296
0703
1196
1974
1714
3194
2117
0083
2344
2155
2986
1553
0239
0760
0753
2817
2868
1162
1355
2028
1440
0572
1094
2201
0452
1504
1893
2292
0437
3209
3370
0768
2258
1464
0821
3031
0906
1864
0687
1831
2011
0707
2615
2134
2660
2523
1001
2746
0484
0573
3054
0920
2251
2363
1839
2416
0330
0347
3040
1630
0115
1360
1663
2588
2972
2608
3331
2845
3270
1730
1352
2631
3583
0046
1783
1223
3487
1023
3474
3407
0999
0492
0618
2129
0246
0550
0471
0176
2035
0363
1863
2330
2661
0876
0861
0955
0989
1319
2025
2826
1855
1777
0992
1214
0875
3184
0841
1146
0048
3286
3508
0525
2538
3053
1942
3022
2884
2351
1928
3261
2203
1830
3098
2792
0501
2001
3273
2914
0150
3151
0950
2175
2261
0564
2679
3181
2315
2846
3599
1902
2196
0910
0748
3122
2370
2220
3351
1041
2816
5507
5504
3659
6071
3895
6413
4581
4011
6316
4440
4385
5285
3842
6576
6060
4737
5518
4171
6922
5350
5335
5157
4498
6454
4516
5302
4523
5790
4104
5329
5877
5992
4988
5965
5117
3900
6276
6807
6267
6961
6569
5615
6843
4708
4676
6299
6652
4802
4131
5235
5467
3806
6136
4115
4284
6900
4856
5340
6265
4021
3804
4943
3917
3877
7115
3821
7037
5655
6707
4545
6196
5165
4705
7046
4282
5667
3741
5351
5033
6099
6738
6597
6421
6248
5177
6611
5027
4534
5096
5784
6629
3618
5162
4231
4776
4261
4416
5262
3915
6343
6370
5029
3970
3623
5911
5854
6194
6710
6223
4336
5240
5653
6396
6462
6940
5905
4816
5183
6664
4959
3927
4543
6173
6959
6001
4525
6865
6287
6419
6504
4848
4793
6860
5189
3860
7146
6823
5471
3610
7048
5368
5929
5675
7142
6599
6486
7057
4078
3932
5725
5680
6581
4751
5864
6034
6953
5466
5218
5660
4877
3834
4034
6292
5387
7134
6112
5417
5687
3925
6601
4625
5987
5545
3677
5578
5718
4691
4954
4103
5317
6440
6800
6258
6736
4341
6283
4831
3878
4565
5492
6074
5342
5745
3998
4102
5020
5045
6639
4423
6333
6289
4090
5265
6388
5288
4536
3841
4764
7151
4862
4840
4629
6422
4748
3621
5521
3999
4642
4169
6623
4009
6574
4969
5594
6825
4586
5721
4997
6871
5555
7113
4418
6560
4419
5127
4732
4660
4684
6894
6688
4335
6662
3801
5414
6733
5376
5807
6038
5568
5668
6435
6945
6546
6568
6557
6342
6507
4281
4420
6792
5178
4065
4851
4750
5332
5754
3893
4908
6326
5059
4662
3977
6334
6502
6461
3850
5401
4895
4462
5348
5254
4853
4620
5681
4049
4275
6612
4779
6868
7025
3962
5891
5980
4677
7028
7162
6005
5630
5715
5028
6563
6648
4022
5044
5772
5410
5551
4933
6488
3990
4438
5070
3955
5283
4121
5902
6834
4795
6452
4753
5937
7173
3710
5229
3856
6378
5355
5774
6217
6180
6331
5237
6811
7038
6035
6114
7083
6401
6602
5557
4039
4148
5053
3755
3972
6109
7124
5186
5884
5650
6075
5457
5663
4697
4012
5451
6877
6485
6040
4892
6363
7081
7058
5714
6245
5899
4048
6471
5957
3935
6298
5873
6490
6768
4972
4286
3922
4637
6043
6003
7049
4668
5898
4846
6907
6443
6405
4531
5194
6556
3933
5411
5318
3967
6990
4145
4114
5477
7139
6025
4354
6153
5604
5307
4967
4579
5897
4474
4334
6442
4124
5043
4126
6927
5708
6116
6209
5264
5196
4405
4845
3619
4437
4714
3775
4699
5896
6890
5818
3837
6555
5598
3635
5134
5102
5228
6082
4038
6108
6473
3871
3668
5039
6352
5084
5465
3809
7010
6470
4658
5023
4247
3685
5619
4500
4775
3960
4465
6919
4726
6385
4910
5320
4072
5572
4759
5056
3971
3602
5835
3795
4331
6633
5664
7193
6414
6529
5115
5900
4979
4806
4295
4547
6994
7160
4107
4386
6201
6608
5049
6647
4672
5859
4612
3673
6538
5386
5137
6224
3988
5305
5319
4026
4055
5385
5121
5389
6459
4200
5637
4070
3982
5119
4225
4355
5787
4781
4878
5092
5704
5490
5034
7016
5501
5768
6737
4256
5143
6938
5500
5757
4390
3882
7068
3695
6015
4636
6178
5808
4258
6924
6008
5636
6730
3745
6254
4443
3919
3643
6864
5942
5130
4234
4197
4576
5716
6672
5258
5633
6516
4017
4075
4735
3866
6822
5741
6221
4159
7066
7194
4464
4675
4391
6200
4395
3734
5580
7168
4849
6920
5399
3867
5828
4050
3885
5972
6186
6133
5529
5531
3620
4324
4808
4085
3823
4226
5129
5315
4434
7011
5361
6580
5881
5863
7156
5109
4616
4068
6983
5372
6189
6280
4497
6483
4291
5978
5159
5744
5180
3671
5631
6240
3770
4468
5643
3793
4765
6383
5122
3849
5110
4976
5016
6875
5213
6618
4224
5280
6624
4028
4459
6786
6349
3740
6269
5225
7163
6165
4106
7022
6377
4958
6681
4552
6711
4502
5952
6689
4230
6101
4153
5010
5824
4903
5131
5620
5378
4332
4926
6104
6680
5429
4325
4469
3848
4686
4426
5571
6887
7132
5938
5256
4666
6475
3611
6704
5925
6048
4272
4905
3704
3853
4396
6163
4003
5799
4127
5327
6909
4852
5345
4235
6364
4824
5438
4176
6205
4339
4995
6124
5517
4790
6106
5277
5222
6113
5962
5166
5260
3814
6754
5257
6489
4147
5231
7099
4554
5648
5370
6285
4843
6436
5086
4217
4191
5789
6135
6978
3943
4436
4858
5078
5426
6971
7166
6655
5036
5844
3789
5646
6107
4870
4116
4956
5359
6685
5179
6300
5488
5233
4409
4289
5030
4754
5273
6510
3888
3729
4921
5523
4243
6024
4591
7008
4556
5476
6065
4721
5833
6932
4940
4650
4025
4847
4196
4373
6187
4809
4542
6193
6052
5513
6281
7123
6297
6764
4575
5936
6397
5311
4274
3944
4820
4519
7080
3717
5939
5822
4292
5266
3956
3642
5949
6345
5640
6376
7018
4067
6902
6782
4311
3661
4428
4649
4051
5142
5536
6720
5727
6942
5730
6849
4002
5354
4394
6695
7143
4162
3608
5919
4404
3678
4288
7177
3995
3684
3638
6020
7125
6328
6677
4715
5232
5585
3859
3889
7055
4835
5090
6715
7184
4180
4175
6714
6747
4511
3713
4812
4485
6406
5371
4606
6646
5206
7072
4077
5459
3974
6509
6716
5201
4828
4450
4761
4998
6098
6999
5428
5608
3790
4006
5760
5400
7089
6064
5661
4182
5123
4492
3682
6903
4561
6544
5425
3747
5432
6010
4430
4108
3948
4444
5469
6242
5901
7050
5024
4548
7120
5696
3679
6395
6439
7091
5325
5622
4190
4168
6354
4185
4718
6840
3896
4303
4796
5574
5314
6794
5717
3683
5944
5755
6586
5153
3839
4360
4353
6417
6468
4762
4955
5628
5040
4172
4694
5801
4052
5104
5493
5892
4037
6809
6970
4368
5858
5064
4421
6631
4506
5464
4287
5431
5611
4307
6215
5734
6260
6123
4601
6346
4084
4173
6654
4520
5851
5963
5439
6016
3930
3947
6640
5230
3715
4960
5263
6188
6572
6208
6931
6445
6870
5330
4952
6231
7183
3646
5383
4823
7087
4623
7074
7007
4599
4092
4218
5729
3846
4150
4071
3776
5635
3963
5463
5930
6261
4476
4461
4555
4589
4919
5625
6426
5455
5377
4592
4814
4475
6784
4441
4746
3648
6886
7108
4125
6138
6653
5542
6622
6484
5951
5528
6861
5803
5430
6698
6392
4101
5601
6873
6514
3750
6751
4550
5775
5861
4164
6279
6781
5915
6446
7199
5502
5796
4510
4348
6722
5970
5820
6951
4641
6416
