1907,0
1904,0
0059,0
2471,0
0295,0
2813,0
0981,0
0411,0
2716,0
0840,0
0785,0
1685,0
0242,0
2976,0
2460,0
1137,0
1918,0
0571,0
3322,0
1750,0
1735,0
1557,0
0898,0
2854,0
0916,0
1702,0
0923,0
2190,0
0504,0
1729,0
2277,0
2392,0
1388,0
2365,0
1517,0
0300,0
2676,0
3207,0
2667,0
3361,0
2969,0
2015,0
3243,0
1108,0
1076,0
2699,0
3052,0
1202,0
0531,0
1635,0
1867,0
0206,0
2536,0
0515,0
0684,0
3300,0
1256,0
1740,0
2665,0
0421,0
0204,0
1343,0
0317,0
0277,0
3515,0
0221,0
3437,0
2055,0
3107,0
0945,0
2596,0
1565,0
1105,0
3446,0
0682,0
2067,0
0141,0
1751,0
1433,0
2499,0
3138,0
2997,0
2821,0
2648,0
1577,0
3011,0
1427,0
0934,0
1496,0
2184,0
3029,0
0018,0
1562,0
0631,0
1176,0
0661,0
0816,0
1662,0
0315,0
2743,0
2770,0
1429,0
0370,0
0023,0
2311,0
2254,0
2594,0
3110,0
2623,0
0736,0
1640,0
2053,0
2796,0
2862,0
3340,0
2305,0
1216,0
1583,0
3064,0
1359,0
0327,0
0943,0
2573,0
3359,0
2401,0
0925,0
3265,0
2687,0
2819,0
2904,0
1248,0
1193,0
3260,0
1589,0
0260,0
3546,0
3223,0
1871,0
0010,0
3448,0
1768,0
2329,0
2075,0
3542,0
2999,0
2886,0
3457,0
0478,0
0332,0
2125,0
2080,0
2981,0
1151,0
2264,0
2434,0
3353,0
1866,0
1618,0
2060,0
1277,0
0234,0
0434,0
2692,0
1787,0
3534,0
2512,0
1817,0
2087,0
0325,0
3001,0
1025,0
2387,0
1945,0
0077,0
1978,0
2118,0
1091,0
1354,0
0503,0
1717,0
2840,0
3200,0
2658,0
3136,0
0741,0
2683,0
1231,0
0278,0
0965,0
1892,0
2474,0
1742,0
2145,0
0398,0
0502,0
1420,0
1445,0
3039,0
0823,0
2733,0
2689,0
0490,0
1665,0
2788,0
1688,0
0936,0
0241,0
1164,0
3551,0
1262,0
1240,0
1029,0
2822,0
1148,0
0021,0
1921,0
0399,0
1042,0
0569,0
3023,0
0409,0
2974,0
1369,0
1994,0
3225,0
0986,0
2121,0
1397,0
3271,0
1955,0
3513,0
0818,0
2960,0
0819,0
1527,0
1132,0
1060,0
1084,0
3294,0
3088,0
0735,0
3062,0
0201,0
1814,0
3133,0
1776,0
2207,0
2438,0
1968,0
2068,0
2835,0
3345,0
2946,0
2968,0
2957,0
2742,0
2907,0
0681,0
0820,0
3192,0
1578,0
0465,0
1251,0
1150,0
1732,0
2154,0
0293,0
1308,0
2726,0
1459,0
1062,0
0377,0
2734,0
2902,0
2861,0
0250,0
1801,0
1295,0
0862,0
1748,0
1654,0
1253,0
1020,0
2081,0
0449,0
0675,0
3012,0
1179,0
3268,0
3425,0
0362,0
2291,0
2380,0
1077,0
3428,0
3562,0
2405,0
2030,0
2115,0
1428,0
2963,0
3048,0
0422,0
1444,0
2172,0
1810,0
1951,0
1333,0
2888,0
0390,0
0838,0
1470,0
0355,0
1683,0
0521,0
2302,0
3234,0
1195,0
2852,0
1153,0
2337,0
3573,0
0110,0
1629,0
0256,0
2778,0
1755,0
2174,0
2617,0
2580,0
2731,0
1637,0
3211,0
3438,0
2435,0
2514,0
3483,0
2801,0
3002,0
1957,0
0439,0
0548,0
1453,0
0155,0
0372,0
2509,0
3524,0
1586,0
2284,0
2050,0
2475,0
1857,0
2063,0
1097,0
0412,0
1851,0
3277,0
2885,0
2440,0
1292,0
2763,0
3481,0
3458,0
2114,0
2645,0
2299,0
0448,0
2871,0
2357,0
0335,0
2698,0
2273,0
2890,0
3168,0
1372,0
0686,0
0322,0
1037,0
2443,0
2403,0
3449,0
1068,0
2298,0
1246,0
3307,0
2843,0
2805,0
0931,0
1594,0
2956,0
0333,0
1811,0
1718,0
0367,0
3390,0
0545,0
0514,0
1877,0
3539,0
2425,0
0754,0
2553,0
2004,0
1707,0
1367,0
0979,0
2297,0
0874,0
0734,0
2842,0
0524,0
1443,0
0526,0
3327,0
2108,0
2516,0
2609,0
1664,0
1596,0
0805,0
1245,0
0019,0
0837,0
1114,0
0175,0
1099,0
2296,0
3290,0
2218,0
0237,0
2955,0
1998,0
0035,0
1534,0
1502,0
1628,0
2482,0
0438,0
2508,0
2873,0
0271,0
0068,0
1439,0
2752,0
1484,0
1865,0
0209,0
3410,0
2870,0
1058,0
1423,0
0647,0
0085,0
2019,0
0900,0
1175,0
0360,0
0865,0
3319,0
1126,0
2785,0
1310,0
1720,0
0472,0
1972,0
1159,0
1456,0
0371,0
0002,0
2235,0
0195,0
0731,0
3033,0
2064,0
3593,0
2814,0
2929,0
1515,0
2300,0
1379,0
1206,0
0695,0
0947,0
3394,0
3560,0
0507,0
0786,0
2601,0
3008,0
1449,0
3047,0
1072,0
2259,0
1012,0
0073,0
2938,0
1786,0
1537,0
2624,0
0388,0
1705,0
1719,0
0426,0
0455,0
1785,0
1521,0
1789,0
2859,0
0600,0
2037,0
0470,0
0382,0
1519,0
0625,0
0755,0
2187,0
1181,0
1278,0
1492,0
2104,0
1890,0
1434,0
3416,0
1901,0
2168,0
3137,0
0656,0
1543,0
3338,0
1900,0
2157,0
0790,0
0282,0
3468,0
0095,0
2415,0
1036,0
2578,0
2208,0
0658,0
3324,0
2408,0
2036,0
3130,0
0145,0
2654,0
0843,0
0319,0
0043,0
3264,0
2342,0
1530,0
0634,0
0597,0
0976,0
2116,0
3072,0
1658,0
2033,0
2916,0
0417,0
0475,0
1135,0
0266,0
3222,0
2141,0
2621,0
0559,0
3466,0
3594,0
0864,0
1075,0
0791,0
2600,0
0795,0
0134,0
1980,0
3568,0
1249,0
3320,0
1799,0
0267,0
2228,0
0450,0
0285,0
2372,0
2586,0
2533,0
1929,0
1931,0
0020,0
0724,0
1208,0
0485,0
0223,0
0626,0
1529,0
1715,0
0834,0
3411,0
1761,0
2980,0
2281,0
2263,0
3556,0
1509,0
1016,0
0468,0
3383,0
1772,0
2589,0
2680,0
0897,0
2883,0
0691,0
2378,0
1559,0
2144,0
1580,0
0071,0
2031,0
2640,0
0170,0
0868,0
2043,0
0193,0
1165,0
2783,0
1522,0
0249,0
1510,0
1376,0
1416,0
3275,0
1613,0
3018,0
0624,0
1680,0
3024,0
0428,0
0859,0
3186,0
2749,0
0140,0
2669,0
1625,0
3563,0
2565,0
0506,0
3422,0
2777,0
1358,0
3081,0
0952,0
3111,0
0902,0
2352,0
3089,0
0630,0
2501,0
0553,0
1410,0
2224,0
1303,0
1531,0
2020,0
1778,0
0732,0
1326,0
2504,0
3080,0
1829,0
0725,0
0869,0
0248,0
1086,0
0826,0
1971,0
3287,0
3532,0
2338,0
1656,0
1066,0
2875,0
0011,0
3104,0
2325,0
2448,0
0672,0
1305,0
0104,0
0253,0
0796,0
2563,0
0403,0
2199,0
0527,0
1727,0
3309,0
1252,0
1745,0
0635,0
2764,0
1224,0
1838,0
0576,0
2605,0
0739,0
1395,0
2524,0
1917,0
1190,0
2506,0
1677,0
1622,0
2513,0
2362,0
1566,0
1660,0
0214,0
3154,0
1657,0
2889,0
0547,0
1631,0
3499,0
0954,0
2048,0
1770,0
2685,0
1243,0
2836,0
1486,0
0617,0
0591,0
2189,0
2535,0
3378,0
0343,0
0836,0
1258,0
1478,0
1826,0
3371,0
3566,0
3055,0
1436,0
2244,0
0189,0
2046,0
2507,0
1270,0
0516,0
1356,0
1759,0
3085,0
1579,0
2700,0
1888,0
1633,0
0809,0
0689,0
1430,0
1154,0
1673,0
2910,0
0288,0
0129,0
1321,0
1923,0
0643,0
2424,0
0991,0
3408,0
0956,0
1876,0
2465,0
1121,0
2233,0
3332,0
1340,0
1050,0
0425,0
1247,0
0596,0
0773,0
2587,0
1209,0
0942,0
2593,0
2452,0
1913,0
2681,0
3523,0
2697,0
3164,0
0975,0
2336,0
2797,0
1711,0
0674,0
0344,0
1220,0
0919,0
3480,0
0117,0
2339,0
2222,0
0692,0
1666,0
0356,0
0042,0
2349,0
2745,0
2040,0
2776,0
3418,0
0467,0
3302,0
3182,0
0711,0
0061,0
0828,0
1049,0
0451,0
1542,0
1936,0
3120,0
2127,0
3342,0
2130,0
3249,0
0402,0
1754,0
0794,0
3095,0
3543,0
0562,0
0008,0
2319,0
0804,0
0078,0
0688,0
3577,0
0395,0
0084,0
0038,0
2420,0
3525,0
2728,0
3077,0
1115,0
1632,0
1985,0
0259,0
0289,0
3455,0
1235,0
1490,0
3115,0
3584,0
0580,0
0575,0
3114,0
3147,0
0911,0
0113,0
1212,0
0885,0
2806,0
1771,0
1006,0
3046,0
1606,0
3472,0
0477,0
1859,0
0374,0
2909,0
3116,0
1601,0
1228,0
0850,0
1161,0
1398,0
2498,0
3399,0
1828,0
2008,0
0190,0
0406,0
2160,0
1800,0
3489,0
2464,0
2061,0
0582,0
1523,0
0892,0
0082,0
3303,0
0961,0
2944,0
1825,0
0147,0
1832,0
2410,0
0830,0
0508,0
0348,0
0844,0
1869,0
2642,0
2301,0
3450,0
1424,0
0948,0
3520,0
2096,0
0079,0
2795,0
2839,0
3491,0
1725,0
2022,0
0590,0
0568,0
2754,0
0585,0
1118,0
3240,0
0296,0
0703,0
1196,0
1974,0
1714,0
3194,0
2117,0
0083,0
2344,0
2155,0
2986,0
1553,0
0239,0
0760,0
0753,0
2817,0
2868,0
1162,0
1355,0
2028,0
1440,0
0572,0
1094,0
2201,0
0452,0
1504,0
1893,0
2292,0
0437,0
3209,0
3370,0
0768,0
2258,0
1464,0
0821,0
3031,0
0906,0
1864,0
0687,0
1831,0
2011,0
0707,0
2615,0
2134,0
2660,0
2523,0
1001,0
2746,0
0484,0
0573,0
3054,0
0920,0
2251,0
2363,0
1839,0
2416,0
0330,0
0347,0
3040,0
1630,0
0115,0
1360,0
1663,0
2588,0
2972,0
2608,0
3331,0
2845,0
3270,0
1730,0
1352,0
2631,0
3583,0
0046,0
1783,0
1223,0
3487,0
1023,0
3474,0
3407,0
0999,0
0492,0
0618,0
2129,0
0246,0
0550,0
0471,0
0176,0
2035,0
0363,0
1863,0
2330,0
2661,0
0876,0
0861,0
0955,0
0989,0
1319,0
2025,0
2826,0
1855,0
1777,0
0992,0
1214,0
0875,0
3184,0
0841,0
1146,0
0048,0
3286,0
3508,0
0525,0
2538,0
3053,0
1942,0
3022,0
2884,0
2351,0
1928,0
3261,0
2203,0
1830,0
3098,0
2792,0
0501,0
2001,0
3273,0
2914,0
0150,0
3151,0
0950,0
2175,0
2261,0
0564,0
2679,0
3181,0
2315,0
2846,0
3599,0
1902,0
2196,0
0910,0
0748,0
3122,0
2370,0
2220,0
3351,0
1041,0
2816,0
5507,1
5504,1
3659,1
6071,1
3895,1
6413,1
4581,1
4011,1
6316,1
4440,1
4385,1
5285,1
3842,1
6576,1
6060,1
4737,1
5518,1
4171,1
6922,1
5350,1
5335,1
5157,1
4498,1
6454,1
4516,1
5302,1
4523,1
5790,1
4104,1
5329,1
5877,1
5992,1
4988,1
5965,1
5117,1
3900,1
6276,1
6807,1
6267,1
6961,1
6569,1
5615,1
6843,1
4708,1
4676,1
6299,1
6652,1
4802,1
4131,1
5235,1
5467,1
3806,1
6136,1
4115,1
4284,1
6900,1
4856,1
5340,1
6265,1
4021,1
3804,1
4943,1
3917,1
3877,1
7115,1
3821,1
7037,1
5655,1
6707,1
4545,1
6196,1
5165,1
4705,1
7046,1
4282,1
5667,1
3741,1
5351,1
5033,1
6099,1
6738,1
6597,1
6421,1
6248,1
5177,1
6611,1
5027,1
4534,1
5096,1
5784,1
6629,1
3618,1
5162,1
4231,1
4776,1
4261,1
4416,1
5262,1
3915,1
6343,1
6370,1
5029,1
3970,1
3623,1
5911,1
5854,1
6194,1
6710,1
6223,1
4336,1
5240,1
5653,1
6396,1
6462,1
6940,1
5905,1
4816,1
5183,1
6664,1
4959,1
3927,1
4543,1
6173,1
6959,1
6001,1
4525,1
6865,1
6287,1
6419,1
6504,1
4848,1
4793,1
6860,1
5189,1
3860,1
7146,1
6823,1
5471,1
3610,1
7048,1
5368,1
5929,1
5675,1
7142,1
6599,1
6486,1
7057,1
4078,1
3932,1
5725,1
5680,1
6581,1
4751,1
5864,1
6034,1
6953,1
5466,1
5218,1
5660,1
4877,1
3834,1
4034,1
6292,1
5387,1
7134,1
6112,1
5417,1
5687,1
3925,1
6601,1
4625,1
5987,1
5545,1
3677,1
5578,1
5718,1
4691,1
4954,1
4103,1
5317,1
6440,1
6800,1
6258,1
6736,1
4341,1
6283,1
4831,1
3878,1
4565,1
5492,1
6074,1
5342,1
5745,1
3998,1
4102,1
5020,1
5045,1
6639,1
4423,1
6333,1
6289,1
4090,1
5265,1
6388,1
5288,1
4536,1
3841,1
4764,1
7151,1
4862,1
4840,1
4629,1
6422,1
4748,1
3621,1
5521,1
3999,1
4642,1
4169,1
6623,1
4009,1
6574,1
4969,1
5594,1
6825,1
4586,1
5721,1
4997,1
6871,1
5555,1
7113,1
4418,1
6560,1
4419,1
5127,1
4732,1
4660,1
4684,1
6894,1
6688,1
4335,1
6662,1
3801,1
5414,1
6733,1
5376,1
5807,1
6038,1
5568,1
5668,1
6435,1
6945,1
6546,1
6568,1
6557,1
6342,1
6507,1
4281,1
4420,1
6792,1
5178,1
4065,1
4851,1
4750,1
5332,1
5754,1
3893,1
4908,1
6326,1
5059,1
4662,1
3977,1
6334,1
6502,1
6461,1
3850,1
5401,1
4895,1
4462,1
5348,1
5254,1
4853,1
4620,1
5681,1
4049,1
4275,1
6612,1
4779,1
6868,1
7025,1
3962,1
5891,1
5980,1
4677,1
7028,1
7162,1
6005,1
5630,1
5715,1
5028,1
6563,1
6648,1
4022,1
5044,1
5772,1
5410,1
5551,1
4933,1
6488,1
3990,1
4438,1
5070,1
3955,1
5283,1
4121,1
5902,1
6834,1
4795,1
6452,1
4753,1
5937,1
7173,1
3710,1
5229,1
3856,1
6378,1
5355,1
5774,1
6217,1
6180,1
6331,1
5237,1
6811,1
7038,1
6035,1
6114,1
7083,1
6401,1
6602,1
5557,1
4039,1
4148,1
5053,1
3755,1
3972,1
6109,1
7124,1
5186,1
5884,1
5650,1
6075,1
5457,1
5663,1
4697,1
4012,1
5451,1
6877,1
6485,1
6040,1
4892,1
6363,1
7081,1
7058,1
5714,1
6245,1
5899,1
4048,1
6471,1
5957,1
3935,1
6298,1
5873,1
6490,1
6768,1
4972,1
4286,1
3922,1
4637,1
6043,1
6003,1
7049,1
4668,1
5898,1
4846,1
6907,1
6443,1
6405,1
4531,1
5194,1
6556,1
3933,1
5411,1
5318,1
3967,1
6990,1
4145,1
4114,1
5477,1
7139,1
6025,1
4354,1
6153,1
5604,1
5307,1
4967,1
4579,1
5897,1
4474,1
4334,1
6442,1
4124,1
5043,1
4126,1
6927,1
5708,1
6116,1
6209,1
5264,1
5196,1
4405,1
4845,1
3619,1
4437,1
4714,1
3775,1
4699,1
5896,1
6890,1
5818,1
3837,1
6555,1
5598,1
3635,1
5134,1
5102,1
5228,1
6082,1
4038,1
6108,1
6473,1
3871,1
3668,1
5039,1
6352,1
5084,1
5465,1
3809,1
7010,1
6470,1
4658,1
5023,1
4247,1
3685,1
5619,1
4500,1
4775,1
3960,1
4465,1
6919,1
4726,1
6385,1
4910,1
5320,1
4072,1
5572,1
4759,1
5056,1
3971,1
3602,1
5835,1
3795,1
4331,1
6633,1
5664,1
7193,1
6414,1
6529,1
5115,1
5900,1
4979,1
4806,1
4295,1
4547,1
6994,1
7160,1
4107,1
4386,1
6201,1
6608,1
5049,1
6647,1
4672,1
5859,1
4612,1
3673,1
6538,1
5386,1
5137,1
6224,1
3988,1
5305,1
5319,1
4026,1
4055,1
5385,1
5121,1
5389,1
6459,1
4200,1
5637,1
4070,1
3982,1
5119,1
4225,1
4355,1
5787,1
4781,1
4878,1
5092,1
5704,1
5490,1
5034,1
7016,1
5501,1
5768,1
6737,1
4256,1
5143,1
6938,1
5500,1
5757,1
4390,1
3882,1
7068,1
3695,1
6015,1
4636,1
6178,1
5808,1
4258,1
6924,1
6008,1
5636,1
6730,1
3745,1
6254,1
4443,1
3919,1
3643,1
6864,1
5942,1
5130,1
4234,1
4197,1
4576,1
5716,1
6672,1
5258,1
5633,1
6516,1
4017,1
4075,1
4735,1
3866,1
6822,1
5741,1
6221,1
4159,1
7066,1
7194,1
4464,1
4675,1
4391,1
6200,1
4395,1
3734,1
5580,1
7168,1
4849,1
6920,1
5399,1
3867,1
5828,1
4050,1
3885,1
5972,1
6186,1
6133,1
5529,1
5531,1
3620,1
4324,1
4808,1
4085,1
3823,1
4226,1
5129,1
5315,1
4434,1
7011,1
5361,1
6580,1
5881,1
5863,1
7156,1
5109,1
4616,1
4068,1
6983,1
5372,1
6189,1
6280,1
4497,1
6483,1
4291,1
5978,1
5159,1
5744,1
5180,1
3671,1
5631,1
6240,1
3770,1
4468,1
5643,1
3793,1
4765,1
6383,1
5122,1
3849,1
5110,1
4976,1
5016,1
6875,1
5213,1
6618,1
4224,1
5280,1
6624,1
4028,1
4459,1
6786,1
6349,1
3740,1
6269,1
5225,1
7163,1
6165,1
4106,1
7022,1
6377,1
4958,1
6681,1
4552,1
6711,1
4502,1
5952,1
6689,1
4230,1
6101,1
4153,1
5010,1
5824,1
4903,1
5131,1
5620,1
5378,1
4332,1
4926,1
6104,1
6680,1
5429,1
4325,1
4469,1
3848,1
4686,1
4426,1
5571,1
6887,1
7132,1
5938,1
5256,1
4666,1
6475,1
3611,1
6704,1
5925,1
6048,1
4272,1
4905,1
3704,1
3853,1
4396,1
6163,1
4003,1
5799,1
4127,1
5327,1
6909,1
4852,1
5345,1
4235,1
6364,1
4824,1
5438,1
4176,1
6205,1
4339,1
4995,1
6124,1
5517,1
4790,1
6106,1
5277,1
5222,1
6113,1
5962,1
5166,1
5260,1
3814,1
6754,1
5257,1
6489,1
4147,1
5231,1
7099,1
4554,1
5648,1
5370,1
6285,1
4843,1
6436,1
5086,1
4217,1
4191,1
5789,1
6135,1
6978,1
3943,1
4436,1
4858,1
5078,1
5426,1
6971,1
7166,1
6655,1
5036,1
5844,1
3789,1
5646,1
6107,1
4870,1
4116,1
4956,1
5359,1
6685,1
5179,1
6300,1
5488,1
5233,1
4409,1
4289,1
5030,1
4754,1
5273,1
6510,1
3888,1
3729,1
4921,1
5523,1
4243,1
6024,1
4591,1
7008,1
4556,1
5476,1
6065,1
4721,1
5833,1
6932,1
4940,1
4650,1
4025,1
4847,1
4196,1
4373,1
6187,1
4809,1
4542,1
6193,1
6052,1
5513,1
6281,1
7123,1
6297,1
6764,1
4575,1
5936,1
6397,1
5311,1
4274,1
3944,1
4820,1
4519,1
7080,1
3717,1
5939,1
5822,1
4292,1
5266,1
3956,1
3642,1
5949,1
6345,1
5640,1
6376,1
7018,1
4067,1
6902,1
6782,1
4311,1
3661,1
4428,1
4649,1
4051,1
5142,1
5536,1
6720,1
5727,1
6942,1
5730,1
6849,1
4002,1
5354,1
4394,1
6695,1
7143,1
4162,1
3608,1
5919,1
4404,1
3678,1
4288,1
7177,1
3995,1
3684,1
3638,1
6020,1
7125,1
6328,1
6677,1
4715,1
5232,1
5585,1
3859,1
3889,1
7055,1
4835,1
5090,1
6715,1
7184,1
4180,1
4175,1
6714,1
6747,1
4511,1
3713,1
4812,1
4485,1
6406,1
5371,1
4606,1
6646,1
5206,1
7072,1
4077,1
5459,1
3974,1
6509,1
6716,1
5201,1
4828,1
4450,1
4761,1
4998,1
6098,1
6999,1
5428,1
5608,1
3790,1
4006,1
5760,1
5400,1
7089,1
6064,1
5661,1
4182,1
5123,1
4492,1
3682,1
6903,1
4561,1
6544,1
5425,1
3747,1
5432,1
6010,1
4430,1
4108,1
3948,1
4444,1
5469,1
6242,1
5901,1
7050,1
5024,1
4548,1
7120,1
5696,1
3679,1
6395,1
6439,1
7091,1
5325,1
5622,1
4190,1
4168,1
6354,1
4185,1
4718,1
6840,1
3896,1
4303,1
4796,1
5574,1
5314,1
6794,1
5717,1
3683,1
5944,1
5755,1
6586,1
5153,1
3839,1
4360,1
4353,1
6417,1
6468,1
4762,1
4955,1
5628,1
5040,1
4172,1
4694,1
5801,1
4052,1
5104,1
5493,1
5892,1
4037,1
6809,1
6970,1
4368,1
5858,1
5064,1
4421,1
6631,1
4506,1
5464,1
4287,1
5431,1
5611,1
4307,1
6215,1
5734,1
6260,1
6123,1
4601,1
6346,1
4084,1
4173,1
6654,1
4520,1
5851,1
5963,1
5439,1
6016,1
3930,1
3947,1
6640,1
5230,1
3715,1
4960,1
5263,1
6188,1
6572,1
6208,1
6931,1
6445,1
6870,1
5330,1
4952,1
6231,1
7183,1
3646,1
5383,1
4823,1
7087,1
4623,1
7074,1
7007,1
4599,1
4092,1
4218,1
5729,1
3846,1
4150,1
4071,1
3776,1
5635,1
3963,1
5463,1
5930,1
6261,1
4476,1
4461,1
4555,1
4589,1
4919,1
5625,1
6426,1
5455,1
5377,1
4592,1
4814,1
4475,1
6784,1
4441,1
4746,1
3648,1
6886,1
7108,1
4125,1
6138,1
6653,1
5542,1
6622,1
6484,1
5951,1
5528,1
6861,1
5803,1
5430,1
6698,1
6392,1
4101,1
5601,1
6873,1
6514,1
3750,1
6751,1
4550,1
5775,1
5861,1
4164,1
6279,1
6781,1
5915,1
6446,1
7199,1
5502,1
5796,1
4510,1
4348,1
6722,1
5970,1
5820,1
6951,1
4641,1
6416,1
